0 2 1 2 3 1 2 2 0 1 0
1 0 2 0 0 2 0 1 0 2 0
2 0 0 2 1 4 0 2 1 1 0
3 0 2 2 1 0 1 0 0 2 0
4 2 0 0 1 1 1 1 1 1 0
5 2 2 0 1 0 2 1 1 2 1
6 1 2 1 0 2 2 0 2 0 0
7 1 0 1 2 0 0 0 0 2 2
8 2 0 2 0 1 2 0 0 1 1
9 0 0 0 2 2 0 0 1 0 0
10 1 2 0 0 0 0 0 0 1 0
11 0 0 2 1 1 0 3 0 1 0
12 0 2 1 2 0 1 1 3 0 0
13 2 2 0 0 2 0 0 0 0 1
14 0 1 1 3 1 0 2 1 2 1
15 0 4 4 0 1 1 1 1 0 0
16 1 2 2 0 4 0 1 2 2 1
17 3 0 0 0 0 0 1 1 0 2
18 2 2 2 1 0 0 0 0 1 1
19 0 2 2 2 2 2 1 0 3 1
20 0 1 2 2 1 1 0 0 1 1
21 0 1 1 2 0 1 1 0 0 1
22 2 1 0 1 3 3 1 0 1 1
23 2 0 1 1 4 2 1 1 2 0
24 1 0 2 0 1 1 2 2 0 0
25 4 1 0 1 2 0 1 1 0 2
26 1 2 0 1 3 2 2 1 0 1
27 1 1 2 2 0 0 2 1 0 1
28 0 1 1 2 0 0 0 1 0 0
29 1 2 0 4 0 1 0 0 1 0
30 1 0 2 0 0 0 0 0 0 0
31 1 0 2 0 1 2 1 0 0 1
32 1 2 2 1 0 0 1 2 1 0
33 0 2 2 2 1 1 0 0 1 0
34 0 0 0 0 1 0 0 1 1 1
35 1 0 2 0 0 0 0 1 0 2
36 0 0 2 2 0 2 0 1 3 0
37 2 1 0 3 2 0 3 0 2 0
38 1 1 1 0 0 1 0 2 0 1
39 1 0 2 0 1 3 1 0 2 0
40 1 2 1 0 1 0 1 0 2 2
41 0 0 2 2 4 0 0 1 2 3
42 0 2 2 0 0 1 0 0 0 0
43 1 2 0 0 4 0 1 1 0 0
44 0 4 2 2 1 2 1 1 2 1
45 0 2 3 1 0 0 1 0 1 1
46 0 1 0 0 2 0 0 0 2 1
47 1 1 0 2 1 2 0 1 4 0
48 1 0 0 2 2 1 4 1 2 1
49 2 1 0 1 0 2 2 1 0 2
50 1 2 0 2 0 0 1 0 0 1
51 1 0 0 2 1 0 0 2 0 1
52 2 0 1 1 0 2 0 1 0 2
53 0 0 2 1 1 0 1 2 1 1
54 0 0 1 1 0 0 0 2 1 1
55 0 0 0 0 0 1 1 0 0 2
56 1 2 0 2 2 3 0 1 0 1
57 1 0 1 0 0 0 0 4 0 0
58 1 0 2 2 0 1 1 0 1 1
59 0 2 1 2 0 1 0 1 0 1
60 1 0 2 0 1 1 0 2 1 0
61 2 2 1 0 1 2 0 2 0 1
62 1 0 1 2 1 0 1 2 1 2
63 1 1 1 1 1 0 0 0 1 1
64 2 0 1 1 3 1 0 2 1 3
65 0 0 2 1 1 0 4 0 2 1
66 1 1 0 1 1 0 1 1 2 0
67 2 0 0 0 1 1 2 0 2 1
68 2 2 0 2 1 2 0 1 1 0
69 0 3 2 2 1 1 0 1 1 1
70 0 1 2 0 0 1 0 1 1 1
71 1 0 0 2 0 0 1 0 2 0
72 0 0 2 1 1 1 0 0 1 1
73 1 0 2 0 1 2 0 0 1 2
74 0 0 1 1 1 3 0 1 2 0
75 4 1 2 1 2 1 0 1 2 0
76 1 0 0 1 1 1 1 0 0 3
77 0 3 0 0 2 1 2 0 1 1
78 0 0 2 0 1 2 2 1 1 4
79 2 1 2 2 1 1 0 2 2 0
80 0 1 1 0 2 0 1 0 1 0
81 3 3 0 1 1 1 1 0 0 0
82 0 1 0 2 0 0 2 2 2 1
83 2 1 2 1 1 1 1 1 1 0
84 2 2 2 1 0 1 2 0 2 0
85 0 0 2 0 1 0 0 1 2 1
86 2 2 2 0 1 3 0 2 3 2
87 0 2 0 1 0 1 1 2 1 1
88 1 0 1 1 1 1 0 0 1 0
89 1 2 1 2 1 1 2 0 1 2
90 2 0 2 1 0 0 1 0 2 0
91 1 2 0 2 0 2 1 0 0 1
92 4 2 0 0 0 2 0 2 0 0
93 2 0 0 1 1 1 0 2 0 2
94 2 1 1 1 0 0 1 1 0 1
95 2 2 2 2 1 1 1 1 2 1
96 0 0 1 0 1 0 1 0 1 1
97 0 1 2 2 0 1 1 0 1 1
98 2 1 1 2 0 0 2 1 1 4
99 2 2 1 1 0 0 0 0 2 1
100 2 0 2 0 2 0 2 2 1 2
101 1 1 0 1 3 2 0 0 0 1
102 1 1 1 2 0 1 1 0 1 0
103 0 1 0 0 0 0 1 1 0 1
104 2 1 0 0 1 2 0 1 2 0
105 0 0 1 2 0 1 2 0 0 1
106 1 0 2 0 0 2 1 1 2 0
107 0 1 1 0 0 1 0 0 2 2
108 0 1 0 3 2 0 2 1 1 3
109 0 1 0 1 0 2 1 0 3 1
110 0 1 0 0 2 0 1 1 0 0
111 1 1 1 2 1 2 0 2 0 2
112 1 2 1 1 1 0 2 0 1 0
113 2 0 1 2 0 1 1 1 1 0
114 0 2 0 4 2 1 2 1 0 0
115 1 2 1 0 1 0 1 1 1 0
116 1 0 1 0 0 0 1 1 2 1
117 2 0 2 1 0 0 1 3 2 0
118 1 2 0 0 0 1 2 2 1 1
119 1 1 1 0 4 2 4 0 2 2
120 0 0 2 2 1 1 0 0 0 1
121 0 0 0 1 0 0 1 1 1 0
122 4 0 1 1 0 0 0 2 0 0
123 2 1 0 0 2 1 0 1 1 0
124 1 1 2 0 0 0 1 1 1 1
125 0 0 1 0 1 0 0 0 2 0
126 3 2 2 1 0 1 1 2 0 0
127 0 1 1 2 1 2 4 0 0 2
128 0 0 0 0 3 3 1 0 2 1
129 0 0 0 0 0 0 2 0 0 0
130 1 2 1 1 0 1 0 0 1 2
131 3 0 0 1 3 2 1 1 0 2
132 0 1 2 1 2 1 1 1 1 1
133 2 0 0 0 1 2 2 3 2 1
134 0 0 0 0 1 0 2 2 2 1
135 0 2 2 2 3 0 1 2 0 2
136 3 2 1 1 0 0 0 0 0 0
137 2 2 1 0 0 1 1 1 1 0
138 0 0 0 1 3 1 0 0 1 2
139 2 2 2 2 2 2 1 3 0 0
140 4 0 1 1 0 2 0 0 2 0
141 0 2 1 0 0 0 2 0 1 0
142 0 1 1 2 2 0 0 1 1 0
143 0 2 1 3 0 2 0 2 1 2
144 0 0 0 0 1 0 1 0 2 1
145 2 1 2 0 4 0 1 0 0 0
146 1 3 0 1 2 3 2 2 0 1
147 3 0 1 2 2 0 1 1 4 0
148 0 2 2 2 1 0 2 0 1 1
149 1 0 2 2 0 1 1 0 1 1
150 0 2 2 1 1 2 0 0 0 0
151 1 2 0 0 0 0 1 1 0 0
152 0 1 0 2 0 2 1 1 1 0
153 3 2 0 1 4 1 0 4 0 1
154 2 2 1 1 1 1 2 0 0 0
155 1 2 0 1 0 0 0 0 2 0
156 0 1 0 1 1 0 2 0 2 1
157 0 2 1 0 1 2 0 1 1 1
158 0 2 2 3 2 2 1 0 2 0
159 1 2 0 2 1 0 0 3 1 1
160 1 1 2 0 2 1 3 0 1 1
161 3 1 2 0 1 4 1 0 1 1
162 2 0 0 1 2 0 1 0 2 1
163 0 1 1 1 4 2 2 0 1 1
164 1 1 1 0 0 0 0 1 0 0
165 0 0 2 3 1 0 2 1 1 0
166 0 0 1 3 0 0 3 1 1 2
167 2 1 0 0 1 2 0 0 2 1
168 1 2 2 0 0 2 3 1 0 3
169 1 1 1 0 2 0 1 0 0 0
170 2 0 1 0 0 0 0 1 2 2
171 0 0 2 1 0 0 2 1 0 2
172 0 0 1 2 0 1 2 3 0 0
173 1 1 1 0 0 2 2 1 0 0
174 2 2 2 3 0 3 0 0 1 2
175 1 0 2 4 0 0 1 0 2 0
176 0 3 2 0 0 1 0 1 0 0
177 1 0 1 2 2 1 2 1 1 0
178 1 0 0 2 2 1 0 0 1 1
179 1 0 2 1 1 0 1 0 0 1
180 1 0 2 2 2 2 0 1 1 0
181 0 1 0 0 0 2 0 1 0 1
182 1 4 2 1 0 0 0 2 0 1
183 0 0 2 1 2 0 0 1 0 2
184 1 2 0 0 2 1 2 0 0 2
185 0 0 1 1 1 2 2 2 1 0
186 0 0 1 2 1 0 0 2 4 1
187 2 0 4 0 0 4 2 0 2 0
188 2 1 1 2 0 1 0 0 0 1
189 2 1 1 1 1 2 2 0 0 0
190 1 2 1 1 1 0 2 0 1 0
191 1 1 0 1 1 0 2 0 0 2
192 2 1 2 1 1 0 2 1 2 1
193 0 2 1 0 0 0 1 0 0 0
194 0 1 0 1 1 1 1 2 2 0
195 0 0 0 2 4 1 1 2 2 2
196 1 0 1 2 0 1 1 0 0 0
197 0 1 1 1 0 1 0 0 0 1
198 1 1 2 1 1 2 0 2 0 0
199 1 0 0 1 2 0 0 0 1 0
200 2 1 1 3 3 2 2 0 1 2
201 0 2 2 0 0 1 0 3 0 0
202 1 1 2 2 0 1 0 3 2 1
203 4 2 0 2 1 0 2 3 0 1
204 1 2 0 0 1 1 2 0 0 1
205 0 2 0 1 0 1 0 0 1 1
206 1 1 3 1 0 0 2 1 0 1
207 0 0 1 0 1 1 1 0 2 0
208 1 1 1 0 1 1 2 0 0 1
209 1 2 1 0 0 2 1 1 0 0
210 0 2 3 0 0 3 2 0 0 0
211 0 0 1 0 1 0 2 0 0 1
212 4 1 1 0 1 0 0 1 0 0
213 0 0 2 1 1 1 3 1 1 1
214 2 1 3 2 0 0 2 0 1 0
215 2 1 2 0 0 2 2 2 0 2
216 2 2 2 0 0 1 3 0 1 0
217 1 0 0 0 0 2 3 1 3 2
218 2 0 1 1 0 2 0 1 2 2
219 3 2 0 0 0 1 1 0 0 3
220 3 2 2 1 1 1 1 0 0 0
221 2 1 2 0 0 0 0 0 1 1
222 2 1 1 1 1 0 2 0 0 1
223 1 2 3 2 1 2 0 0 0 1
224 0 1 0 2 0 2 1 1 0 1
225 1 0 0 0 1 1 0 2 4 3
226 0 0 0 2 2 0 0 1 2 4
227 2 1 1 1 0 1 1 0 1 0
228 0 0 0 2 1 1 0 2 0 1
229 2 0 0 1 0 0 2 2 1 0
230 0 0 1 0 2 0 0 0 1 1
231 0 0 0 0 0 2 1 0 2 1
232 0 0 2 1 2 1 2 3 0 0
233 1 1 0 2 2 0 0 1 1 0
234 1 2 2 2 3 0 1 0 0 0
235 1 0 0 2 1 1 0 0 0 1
236 1 0 1 0 1 1 1 0 0 1
237 2 0 2 1 0 3 1 1 0 1
238 0 2 2 1 2 0 2 0 2 2
239 3 1 1 0 0 2 0 0 0 4
240 0 1 2 2 0 0 0 0 3 1
241 2 3 1 0 0 2 0 1 1 2
242 1 2 1 2 1 1 0 2 2 1
243 1 0 0 1 1 1 0 1 2 0
244 0 2 2 2 0 2 0 0 2 1
245 0 2 0 2 1 2 0 2 1 0
246 0 2 0 1 1 1 0 0 0 0
247 0 2 2 1 0 0 3 1 2 0
248 2 4 1 2 3 1 2 3 2 1
249 2 0 0 0 3 1 0 1 1 1
250 0 2 0 0 0 0 0 4 1 1
251 2 1 1 1 2 1 1 0 2 0
252 0 0 0 1 1 1 0 1 1 0
253 3 2 2 3 2 1 1 0 2 1
254 2 1 1 1 0 0 1 0 1 1
255 3 0 1 0 0 1 2 0 2 2
256 2 0 1 1 0 0 1 0 1 1
257 0 0 0 1 0 1 1 2 1 0
258 0 0 0 0 2 1 1 0 0 1
259 0 0 0 1 1 0 0 1 1 0
260 1 1 0 0 0 0 1 1 0 1
261 1 2 1 0 1 1 1 0 2 1
262 3 2 1 0 1 0 3 0 0 2
263 1 1 0 1 1 0 0 1 0 0
264 2 1 0 1 1 2 0 0 2 0
265 0 0 0 0 0 1 0 0 0 1
266 0 1 0 1 2 1 1 2 2 1
267 1 1 1 1 3 1 2 2 1 0
268 1 1 0 1 2 1 0 4 0 2
269 0 1 1 0 0 1 2 1 0 2
270 0 1 0 3 1 1 3 1 1 1
271 0 1 2 0 1 2 1 2 4 0
272 1 1 0 1 2 1 1 1 0 1
273 1 0 0 1 2 1 1 1 1 0
274 1 2 2 0 0 0 2 0 0 1
275 0 2 0 3 1 0 2 1 0 2
276 0 2 1 0 2 1 0 0 0 0
277 1 2 0 1 0 0 2 0 0 4
278 3 0 1 0 0 1 1 0 0 2
279 2 2 2 3 1 1 3 0 0 1
280 0 1 0 2 2 3 1 0 1 0
281 2 1 2 0 1 0 1 0 1 0
282 0 3 1 0 0 2 0 0 1 1
283 0 2 3 2 2 2 2 0 0 1
284 0 3 2 1 2 0 0 1 1 0
285 1 0 2 0 2 1 1 1 2 0
286 2 1 1 4 2 3 2 1 1 0
287 0 2 2 2 1 0 0 1 0 1
288 0 1 1 2 2 1 2 0 1 1
289 0 1 0 2 2 1 1 0 2 0
290 2 0 4 0 0 1 4 2 1 2
291 0 1 2 1 0 1 2 1 0 0
292 0 1 0 0 2 1 4 1 0 2
293 1 1 2 0 0 2 2 2 0 1
294 1 2 2 1 2 1 0 1 2 2
295 0 0 0 0 0 0 1 0 0 0
296 0 0 1 0 0 0 1 1 2 2
297 0 1 1 0 1 2 0 0 2 1
298 1 1 0 4 2 1 2 2 1 0
299 1 0 1 2 1 0 1 0 1 0
300 0 0 0 0 1 1 2 0 2 1
301 2 2 0 2 0 0 1 1 0 2
302 0 2 1 0 0 0 1 1 0 1
303 0 2 0 1 0 1 1 2 0 4
304 1 2 1 4 1 0 1 1 1 1
305 1 2 1 1 0 2 0 1 1 2
306 0 1 0 3 0 0 0 1 1 2
307 0 2 2 0 0 1 0 1 0 0
308 2 3 1 1 1 1 0 0 1 0
309 0 1 0 1 0 2 1 1 2 2
310 2 1 1 1 0 2 0 0 1 0
311 2 2 1 0 0 2 1 2 1 2
312 1 0 0 1 0 0 0 2 0 2
313 1 0 2 0 1 2 2 0 1 2
314 2 0 2 0 2 1 3 1 2 0
315 1 1 2 0 1 1 2 1 0 0
316 2 2 1 0 1 2 2 1 0 2
317 1 2 0 3 1 1 1 0 0 2
318 0 0 2 1 2 2 0 0 2 2
319 1 3 2 0 2 1 1 0 1 2
320 3 4 1 1 1 0 0 1 1 3
321 2 0 2 2 0 0 0 1 2 0
322 1 3 0 0 0 0 2 0 0 3
323 0 2 0 2 0 1 0 1 3 2
324 0 0 2 1 1 1 1 1 0 2
325 1 0 0 0 0 2 0 2 0 0
326 3 1 1 0 1 0 1 1 2 1
327 0 1 2 1 2 2 1 1 0 2
328 0 1 0 2 2 2 1 0 0 1
329 1 2 0 1 0 0 0 0 1 1
330 2 2 2 1 1 1 1 2 1 1
331 2 1 2 0 0 0 0 0 0 1
332 0 0 0 2 0 0 0 2 0 0
333 0 2 0 1 1 2 2 2 1 2
334 0 2 2 0 0 2 4 0 1 2
335 0 0 1 1 2 2 0 0 0 3
336 0 0 0 1 0 2 2 1 1 0
337 0 1 2 1 1 2 2 1 0 1
338 3 0 1 0 1 0 1 0 1 1
339 2 2 2 0 1 0 0 2 1 2
340 0 0 2 0 0 0 0 0 1 0
341 3 1 0 1 2 1 1 0 1 1
342 2 2 1 2 1 2 2 0 1 0
343 1 1 1 2 2 1 0 1 0 1
344 1 2 2 0 1 1 1 2 0 0
345 1 2 0 2 2 1 0 1 2 0
346 0 1 1 0 1 1 1 1 1 1
347 1 0 1 0 0 2 0 0 2 0
348 0 1 1 2 1 1 2 0 3 1
349 1 1 0 0 2 2 0 2 0 2
350 1 0 0 0 0 1 1 0 2 1
351 0 1 2 0 3 2 3 0 0 1
352 2 1 0 2 2 1 2 2 1 1
353 2 1 1 1 1 1 1 2 2 0
354 0 2 1 1 2 1 1 0 0 0
355 0 0 3 2 0 3 1 0 2 1
356 0 0 0 0 0 0 2 2 1 4
357 2 0 0 1 4 0 2 0 0 0
358 1 2 1 0 1 0 2 1 1 1
359 1 1 1 1 2 0 1 0 2 0
360 2 1 1 0 0 2 1 0 0 0
361 0 2 1 2 3 2 1 0 0 1
362 2 2 0 2 1 2 1 2 1 1
363 2 1 1 0 0 0 1 0 1 0
364 0 0 0 1 1 0 0 3 0 0
365 3 1 1 1 1 1 2 0 1 1
366 2 0 0 2 2 1 2 0 1 0
367 2 0 0 1 0 1 2 4 2 1
368 0 1 1 2 1 2 1 2 1 4
369 1 0 1 0 2 2 1 1 1 2
370 2 2 1 1 2 2 2 1 0 0
371 0 1 1 1 2 0 2 0 1 3
372 1 1 0 1 1 2 0 0 0 0
373 2 1 0 0 1 0 0 0 2 0
374 2 0 0 0 0 0 2 0 0 2
375 0 0 2 2 0 0 0 1 0 1
376 1 3 2 1 2 1 0 0 0 0
377 1 0 0 0 1 3 0 2 0 0
378 1 0 1 1 0 1 1 1 0 0
379 0 4 2 3 0 2 1 0 3 2
380 1 1 2 1 1 2 1 2 0 2
381 1 3 1 2 0 4 0 2 3 1
382 0 2 0 1 1 0 0 1 1 4
383 1 0 1 0 2 1 0 1 3 1
384 1 1 2 1 1 1 1 2 0 3
385 2 3 0 1 0 0 1 1 1 2
386 1 1 2 0 0 0 3 2 1 2
387 1 1 1 0 0 2 1 2 0 1
388 0 0 3 3 0 1 2 0 1 2
389 1 2 2 2 0 0 2 0 1 1
390 2 0 1 1 1 0 2 0 0 0
391 1 0 1 1 0 0 2 1 3 0
392 0 0 0 0 1 2 0 0 1 0
393 0 1 1 2 2 2 0 0 0 1
394 1 0 2 2 0 1 1 1 2 1
395 0 1 2 2 0 0 0 2 0 0
396 1 2 2 2 1 1 1 2 1 0
397 1 2 0 0 3 1 2 0 1 1
398 0 2 1 1 1 2 1 2 2 1
399 2 1 0 1 1 2 0 0 1 0
400 0 2 2 2 1 0 0 0 0 1
401 0 2 2 2 0 1 0 2 3 0
402 0 0 2 2 0 1 1 0 0 0
403 2 0 1 0 1 1 1 2 0 0
404 0 0 0 0 2 0 0 0 1 0
405 3 1 1 0 0 0 2 1 0 1
406 2 1 2 1 2 1 2 0 0 1
407 0 2 2 1 1 2 0 1 1 0
408 1 0 1 1 2 0 1 1 0 0
409 0 1 0 0 1 2 2 1 3 0
410 0 0 1 1 0 0 0 2 3 2
411 1 1 1 0 2 1 2 1 0 2
412 3 2 1 1 0 2 1 1 1 2
413 2 2 2 0 0 2 2 0 0 1
414 2 0 2 1 1 1 2 0 1 1
415 0 0 0 1 2 1 1 1 3 1
416 0 0 2 2 2 1 0 1 1 0
417 1 0 0 0 2 2 0 0 0 2
418 2 1 0 0 0 0 1 0 0 3
419 1 2 2 2 0 1 2 0 1 0
420 1 2 0 2 0 1 0 2 1 0
421 1 2 1 0 1 0 1 0 0 4
422 3 0 1 0 2 0 0 1 0 1
423 2 1 1 0 0 0 1 1 2 0
424 0 1 2 0 1 2 0 0 1 0
425 2 1 0 1 0 0 1 0 2 1
426 1 1 0 1 2 1 1 2 0 0
427 3 2 2 1 1 2 0 1 0 0
428 2 2 0 1 1 1 0 0 0 1
429 2 2 1 1 0 2 1 2 3 0
430 2 2 3 0 0 2 0 0 0 1
431 1 0 1 1 0 3 0 0 0 1
432 0 1 0 0 0 0 1 0 1 2
433 1 0 2 0 0 2 3 0 0 1
434 0 0 3 2 2 0 1 0 0 0
435 2 0 1 1 0 0 0 0 1 0
436 0 1 1 2 2 0 1 1 2 2
437 2 0 0 1 0 0 1 0 3 1
438 1 2 4 0 0 2 0 1 0 1
439 0 1 1 1 0 0 4 2 0 2
440 0 1 1 4 0 3 0 0 0 1
441 0 1 1 2 0 1 1 0 0 0
442 0 1 0 0 0 0 0 1 1 0
443 3 0 1 1 2 1 1 0 0 0
444 1 0 1 0 1 2 1 0 0 3
445 1 1 2 0 1 4 2 1 1 1
446 2 1 3 2 2 0 2 3 1 0
447 2 0 0 2 2 2 0 0 4 0
448 0 0 1 1 1 2 1 1 0 0
449 0 0 2 0 1 1 1 2 0 1
450 2 0 2 0 1 0 3 1 1 1
451 3 1 2 1 2 0 0 1 2 1
452 2 0 1 2 1 0 1 0 1 1
453 0 0 1 2 1 2 1 1 0 0
454 4 2 2 2 3 0 0 0 0 0
455 2 1 3 4 2 0 2 1 1 4
456 2 0 1 0 0 0 0 0 1 1
457 1 0 0 2 0 0 0 0 2 0
458 0 1 1 3 2 0 0 1 0 1
459 0 0 1 1 2 3 1 1 0 2
460 2 0 0 0 0 1 1 4 0 0
461 1 1 1 0 2 1 0 1 0 0
462 2 2 0 1 1 0 1 1 0 3
463 2 1 4 0 0 1 0 0 1 1
464 1 0 1 1 2 0 2 1 0 3
465 2 0 1 0 1 2 1 0 2 0
466 2 1 3 0 0 2 2 0 1 4
467 1 1 2 1 2 2 1 0 0 0
468 2 2 1 2 1 0 1 1 1 0
469 2 1 0 2 2 3 1 3 3 0
470 1 1 4 0 0 0 0 1 1 0
471 2 2 1 1 1 2 1 0 0 1
472 2 0 1 1 0 0 2 1 2 0
473 0 1 0 1 2 1 2 0 3 2
474 2 2 1 2 0 0 1 1 2 1
475 1 2 2 1 0 0 2 0 3 0
476 1 2 0 2 1 1 0 2 3 0
477 1 2 1 2 0 0 0 0 0 0
478 0 1 3 0 0 0 1 0 1 0
479 1 2 2 2 0 1 0 1 1 0
480 0 1 0 1 0 1 0 1 3 0
481 1 1 0 0 2 2 0 1 0 0
482 0 2 1 1 1 2 0 0 3 0
483 2 1 0 1 2 1 0 2 0 2
484 1 0 2 2 0 2 1 0 1 0
485 0 0 0 1 0 2 1 1 0 2
486 1 0 1 1 0 2 0 0 0 2
487 1 1 2 1 0 1 0 0 0 0
488 1 1 0 2 1 1 1 2 1 2
489 0 1 2 0 1 1 2 2 4 0
490 1 0 1 1 2 2 1 0 0 0
491 2 2 2 0 2 2 0 0 1 0
492 2 1 2 0 1 0 2 0 0 3
493 0 2 1 0 0 1 1 1 1 1
494 2 2 2 2 0 0 1 1 2 1
495 1 2 1 0 2 0 2 0 0 1
496 0 2 0 2 1 0 0 0 1 0
497 0 1 1 1 3 0 0 2 2 1
498 2 2 2 1 0 0 1 0 0 2
499 1 0 1 1 2 0 0 1 0 2
500 1 1 2 3 2 2 1 0 0 0
501 1 0 0 0 0 0 1 1 0 2
502 0 1 0 2 0 1 1 1 0 1
503 0 2 1 0 1 2 1 2 0 1
504 2 0 0 2 1 1 0 0 1 0
505 1 0 0 1 1 2 2 0 1 2
506 0 1 0 0 1 0 0 0 0 1
507 0 1 1 1 1 2 1 1 3 0
508 0 0 2 1 0 1 1 0 2 0
509 0 1 0 2 1 1 0 2 1 0
510 0 1 2 2 0 2 0 0 0 1
511 1 2 0 1 2 0 0 1 1 2
512 2 3 1 2 2 2 0 1 4 0
513 2 2 1 2 2 0 0 0 0 2
514 1 2 1 2 0 2 0 0 0 2
515 0 1 1 2 2 2 0 1 0 0
516 0 2 0 1 0 1 0 1 0 0
517 1 0 3 1 1 1 2 1 0 0
518 0 1 1 0 1 2 0 1 0 2
519 1 2 1 0 1 1 1 0 0 0
520 1 0 2 1 1 1 0 0 2 1
521 0 1 1 2 2 2 0 2 0 1
522 0 2 0 0 3 2 0 1 0 0
523 1 2 0 2 1 1 0 2 1 0
524 2 0 1 4 2 0 4 1 2 0
525 0 3 0 1 1 1 2 2 1 1
526 2 0 2 0 1 2 0 0 0 1
527 1 0 1 0 0 1 1 2 0 2
528 2 2 1 1 2 0 0 1 1 2
529 3 2 0 1 0 0 2 1 2 2
530 1 1 3 0 2 0 0 1 1 0
531 0 0 0 1 1 1 0 1 2 1
532 1 2 2 1 1 2 0 0 0 0
533 0 1 2 2 2 0 1 0 0 0
534 1 1 1 1 1 0 1 1 0 0
535 2 0 2 0 0 4 0 0 0 2
536 1 0 3 0 0 0 1 1 1 2
537 2 3 0 1 2 3 0 0 4 1
538 3 1 1 1 1 1 0 1 1 0
539 0 2 0 1 0 2 0 3 1 3
540 0 0 0 0 3 1 0 2 1 1
541 1 0 0 2 1 0 1 0 1 1
542 0 1 0 2 2 2 2 2 1 0
543 1 2 2 0 2 1 0 2 0 0
544 0 0 0 0 0 2 0 2 1 0
545 0 1 1 1 1 0 2 2 0 0
546 1 1 2 0 1 1 0 0 1 1
547 2 1 0 1 1 2 0 2 2 0
548 1 2 0 2 0 1 1 2 1 1
549 0 2 0 3 0 0 0 0 3 2
550 1 2 0 1 1 1 4 2 1 1
551 0 0 1 1 0 0 0 2 1 1
552 0 1 1 1 1 1 0 1 1 0
553 0 2 2 1 0 1 0 0 1 0
554 1 0 1 0 0 1 1 1 1 3
555 1 0 1 2 0 0 1 2 1 1
556 1 1 0 0 2 1 0 2 3 1
557 0 3 1 1 1 1 2 1 2 1
558 0 3 2 1 1 1 1 1 0 0
559 0 1 1 0 0 1 0 2 0 0
560 1 2 1 0 1 2 1 0 0 1
561 0 2 0 0 2 1 0 1 1 0
562 0 3 0 2 1 1 0 0 0 2
563 2 1 0 2 1 1 1 0 1 1
564 1 0 2 0 2 3 2 2 0 2
565 1 1 1 1 0 1 0 2 1 2
566 1 1 2 0 0 2 1 2 2 2
567 2 0 1 1 1 2 1 1 1 0
568 0 1 1 1 0 0 1 1 2 0
569 0 2 0 1 0 1 0 0 2 2
570 2 0 0 0 0 0 2 2 2 3
571 1 0 2 1 2 0 2 2 1 2
572 1 1 0 2 2 2 2 0 1 0
573 2 1 2 2 1 0 0 0 0 1
574 2 0 0 1 2 2 3 1 1 2
575 2 3 1 2 0 0 1 0 0 1
576 3 2 0 2 0 1 2 0 2 2
577 1 1 0 3 2 3 1 1 1 0
578 0 3 1 1 0 2 1 1 0 1
579 2 0 0 3 1 2 1 0 0 1
580 1 2 1 4 1 1 2 1 0 0
581 2 1 2 2 2 2 1 1 1 0
582 2 2 1 2 2 0 1 2 2 1
583 2 2 0 2 0 0 0 0 0 0
584 2 0 2 1 1 0 1 0 0 2
585 4 1 1 1 0 0 1 0 0 1
586 2 0 0 1 1 2 1 2 0 0
587 2 3 1 2 2 1 1 1 2 1
588 0 3 1 0 1 1 2 1 0 2
589 1 0 1 3 3 0 1 1 1 1
590 0 1 0 0 2 0 0 2 2 1
591 1 1 1 1 0 0 1 2 0 0
592 1 0 2 0 1 1 4 1 2 0
593 0 1 3 2 1 0 1 0 0 0
594 3 1 2 0 2 1 1 0 0 2
595 1 1 0 0 2 2 0 3 1 0
596 1 2 0 0 1 0 2 1 1 1
597 1 0 1 2 1 0 1 3 0 3
598 1 1 1 1 0 1 1 4 1 0
599 0 2 1 1 0 1 0 0 0 1
600 1 0 1 1 0 1 0 2 1 0
601 0 0 1 0 1 1 0 1 2 1
602 2 3 2 2 0 3 1 0 1 1
603 2 2 4 0 0 0 1 0 2 0
604 0 1 0 1 2 2 0 2 0 0
605 0 0 0 1 0 0 1 2 2 2
606 1 1 2 0 1 0 2 1 0 1
607 3 2 0 0 0 0 1 2 2 0
608 3 0 0 0 1 1 0 0 0 3
609 2 0 1 0 0 0 0 1 0 0
610 0 0 1 2 0 0 0 0 1 1
611 0 0 1 1 1 1 0 1 1 0
612 1 0 0 4 2 1 1 3 2 0
613 0 0 0 1 1 2 2 0 0 0
614 2 2 0 2 2 0 2 0 2 0
615 0 0 2 2 1 0 1 0 0 2
616 3 0 0 0 1 2 1 0 1 1
617 1 2 0 2 2 0 0 0 0 0
618 0 1 1 1 0 3 1 2 0 1
619 1 1 1 0 0 1 2 2 0 2
620 2 1 1 0 0 1 1 1 1 1
621 0 4 1 0 0 2 1 0 1 1
622 1 2 2 0 0 1 0 0 0 0
623 3 2 0 0 1 0 0 2 1 2
624 2 0 1 0 2 1 1 1 1 0
625 2 1 0 1 1 0 1 0 0 2
626 1 1 3 0 0 2 1 2 0 0
627 1 0 2 0 1 2 0 2 2 0
628 1 0 1 1 0 0 1 1 0 4
629 1 0 0 2 1 0 0 2 1 0
630 1 0 1 0 1 1 0 0 1 0
631 2 2 0 0 1 2 2 3 2 0
632 1 1 0 1 1 0 1 2 0 1
633 1 2 0 0 0 2 0 1 0 1
634 1 0 2 1 0 0 0 2 0 0
635 1 0 0 2 1 0 1 0 1 0
636 0 1 1 3 0 0 2 1 0 0
637 2 0 0 0 1 0 4 2 0 0
638 0 2 2 1 2 0 0 0 1 2
639 0 2 0 0 2 0 0 1 2 1
640 2 1 1 1 2 0 1 0 2 2
641 3 1 0 0 2 2 1 0 2 1
642 1 1 4 1 3 2 1 1 1 2
643 0 1 1 0 0 1 2 1 2 1
644 0 0 1 0 2 0 2 0 0 1
645 1 0 0 0 0 0 0 3 0 2
646 0 0 2 2 0 1 1 0 0 0
647 1 1 0 0 0 2 0 1 1 3
648 2 1 1 0 0 1 2 2 0 0
649 2 1 2 1 1 0 0 1 1 2
650 1 1 1 1 2 1 0 0 2 0
651 2 1 3 0 4 1 1 0 0 1
652 1 0 1 0 1 1 1 1 1 1
653 3 2 0 2 2 0 1 1 0 1
654 1 1 1 2 0 1 0 2 2 0
655 0 0 1 0 2 0 2 0 2 0
656 0 2 1 2 2 0 2 0 1 0
657 3 0 2 0 1 3 1 1 0 0
658 2 0 2 0 2 0 0 0 1 0
659 0 2 1 2 0 2 0 0 2 1
660 0 0 1 2 1 1 1 1 0 0
661 2 0 1 0 0 0 0 1 1 0
662 0 0 2 1 2 2 1 1 0 0
663 0 1 0 1 2 0 2 1 0 1
664 2 1 1 1 2 1 1 0 0 0
665 2 0 1 0 0 1 0 1 1 0
666 1 2 1 1 2 0 0 0 0 1
667 2 0 0 1 1 2 2 0 0 2
668 1 0 1 2 1 2 0 1 2 0
669 0 0 1 1 2 0 1 0 0 1
670 2 1 1 1 4 0 1 0 0 1
671 1 1 0 1 0 1 0 0 3 2
672 2 0 3 0 1 1 2 1 0 0
673 0 2 1 0 1 2 0 0 0 3
674 1 1 1 0 2 0 0 0 0 0
675 0 0 1 1 1 0 1 2 0 0
676 0 0 1 1 1 1 0 0 1 1
677 0 2 2 2 1 0 2 1 0 0
678 0 0 0 0 1 0 2 0 0 0
679 3 2 1 0 2 1 1 2 3 0
680 0 0 4 1 0 0 0 2 0 0
681 2 1 1 3 2 1 0 1 0 1
682 2 0 1 2 0 1 1 0 1 0
683 1 1 0 2 2 0 0 1 2 0
684 1 0 1 3 2 1 0 0 1 1
685 0 2 2 2 1 1 1 1 0 1
686 2 2 0 1 0 0 0 0 1 0
687 0 2 1 2 1 1 2 0 1 0
688 0 1 1 0 0 0 0 0 2 3
689 1 1 1 0 1 0 1 2 0 0
690 1 0 2 2 0 1 2 1 0 1
691 2 0 1 1 2 0 0 0 1 2
692 1 4 1 0 0 0 1 0 2 0
693 0 0 0 0 1 1 1 1 0 2
694 3 1 0 0 0 1 0 2 0 0
695 0 2 2 1 2 0 1 0 0 1
696 2 3 2 2 1 0 1 1 1 1
697 0 2 1 0 0 0 0 2 1 1
698 1 1 1 3 0 1 1 1 0 0
699 2 2 2 1 2 1 1 1 2 2
700 1 0 0 0 0 0 4 2 0 1
701 0 0 2 0 0 0 2 1 0 0
702 0 1 2 0 2 2 0 0 0 1
703 1 0 0 2 0 1 1 1 0 0
704 2 0 3 0 2 1 2 1 1 1
705 0 0 1 3 2 0 1 0 1 0
706 0 1 4 0 2 1 0 1 0 0
707 0 0 0 2 1 2 0 1 0 1
708 1 1 3 1 0 0 1 1 1 1
709 2 0 0 1 1 4 0 0 0 1
710 0 2 1 0 0 0 2 0 2 0
711 0 1 1 0 2 4 1 0 0 0
712 1 4 1 0 1 0 2 0 1 3
713 1 0 0 1 0 1 1 1 0 2
714 1 0 2 0 1 1 0 3 0 2
715 2 0 0 1 0 2 1 0 0 0
716 1 0 1 1 3 0 0 2 4 0
717 0 1 0 1 1 1 1 1 4 0
718 0 1 0 1 1 1 1 0 1 0
719 2 2 0 2 1 1 1 0 3 0
720 2 0 0 1 2 1 1 0 2 0
721 1 0 1 1 1 2 1 2 2 0
722 0 1 2 0 3 1 1 1 1 1
723 0 1 1 0 2 1 1 2 0 1
724 0 1 1 2 3 0 1 3 0 1
725 1 2 1 0 2 0 1 1 2 2
726 0 1 2 0 0 0 1 2 1 2
727 1 1 3 1 1 1 4 0 0 1
728 1 0 2 0 1 1 1 2 1 2
729 2 0 2 3 1 1 1 1 1 1
730 1 1 0 1 0 2 1 0 1 1
731 1 0 0 2 3 0 1 1 3 2
732 2 2 0 1 0 0 1 0 0 1
733 0 0 1 1 1 1 3 0 1 1
734 0 0 1 4 0 1 0 1 2 1
735 1 1 0 1 3 2 2 2 0 2
736 1 1 0 0 0 3 0 1 1 1
737 2 2 3 0 1 2 2 0 1 0
738 0 0 0 1 1 0 1 1 1 1
739 2 0 2 0 2 1 1 1 3 3
740 1 0 0 3 1 1 1 0 3 0
741 0 1 1 3 2 2 0 1 2 1
742 0 1 0 1 1 1 1 1 2 4
743 1 2 1 2 0 1 1 3 1 2
744 1 0 2 2 1 0 1 0 1 2
745 1 4 2 1 0 1 2 2 0 3
746 0 2 0 1 0 0 1 1 0 1
747 1 1 1 0 2 1 0 1 2 0
748 0 0 0 2 2 2 0 0 0 0
749 1 2 2 1 2 0 2 1 2 0
750 2 1 2 1 0 1 2 0 2 0
751 1 1 2 1 0 0 2 0 3 1
752 1 0 2 0 1 0 0 2 1 0
753 2 1 1 0 1 0 1 2 0 0
754 0 1 0 2 0 0 0 2 1 1
755 1 3 2 1 1 1 4 0 0 3
756 0 0 2 0 2 0 0 0 1 1
757 0 0 1 2 0 1 0 0 1 0
758 2 0 1 2 0 2 1 1 2 0
759 0 2 2 1 2 2 0 1 1 0
760 2 1 0 0 0 1 1 1 0 1
761 0 0 0 0 2 2 1 1 1 1
762 2 0 0 1 0 0 0 1 1 0
763 1 2 0 0 1 0 0 0 1 1
764 0 0 0 2 0 0 0 1 0 2
765 0 2 0 0 0 1 0 1 0 1
766 0 0 1 2 1 1 0 2 1 1
767 2 3 1 0 0 0 2 1 0 0
768 1 1 2 2 1 0 0 0 0 0
769 4 0 0 0 0 3 0 4 0 2
770 0 2 0 0 0 2 0 0 1 1
771 2 0 2 1 0 1 0 0 0 1
772 0 1 0 0 0 1 0 0 0 2
773 2 2 3 4 1 1 0 2 3 0
774 2 0 2 1 1 2 0 1 0 0
775 0 1 3 2 1 2 2 2 0 1
776 2 0 0 0 1 0 0 0 0 0
777 3 1 1 1 2 0 1 0 2 0
778 2 0 3 1 0 2 2 0 0 1
779 0 2 2 1 1 1 1 1 1 1
780 2 1 0 1 0 1 1 1 0 2
781 2 1 0 1 0 0 1 1 2 1
782 0 0 2 1 1 4 1 1 0 0
783 1 0 0 1 1 1 2 0 3 3
784 2 0 1 0 0 0 2 2 0 1
785 1 1 1 0 2 0 1 0 0 0
786 1 1 0 1 2 1 2 1 2 0
787 2 1 2 3 2 1 0 1 0 0
788 1 2 0 2 1 1 2 2 1 0
789 0 1 2 1 0 0 3 0 1 2
790 2 2 0 0 0 1 2 0 0 1
791 2 0 2 2 1 2 1 1 2 0
792 3 1 1 2 0 1 0 0 0 1
793 1 0 1 1 1 2 2 0 0 0
794 1 1 1 2 0 1 1 1 2 2
795 1 1 2 3 1 0 0 0 0 0
796 0 2 1 0 0 2 1 0 1 1
797 1 2 2 0 0 0 2 0 0 0
798 0 1 1 3 2 1 2 1 2 0
799 1 0 1 2 2 1 0 0 1 2
800 2 1 2 0 2 1 0 0 2 1
801 1 0 2 1 0 1 1 0 1 0
802 1 1 2 1 0 1 0 2 2 2
803 3 3 2 0 1 0 0 0 2 2
804 4 0 2 0 0 1 2 1 0 1
805 0 1 1 0 1 2 1 1 0 2
806 2 1 1 1 0 2 1 1 0 0
807 3 4 0 3 2 0 1 2 2 1
808 0 3 1 1 2 3 1 1 0 2
809 0 0 0 1 0 0 0 0 2 0
810 2 2 2 2 1 0 0 0 0 3
811 2 0 1 2 1 1 1 0 0 0
812 2 0 4 0 2 0 1 0 2 0
813 0 2 0 1 0 4 0 0 0 2
814 3 3 0 0 2 0 1 1 1 2
815 1 0 1 2 3 0 0 1 0 1
816 0 0 4 4 1 2 0 2 2 0
817 1 1 0 0 1 0 0 1 2 4
818 2 2 2 1 0 3 1 0 1 1
819 1 1 2 1 1 2 0 0 0 2
820 0 1 2 1 2 0 1 0 1 2
821 1 2 0 0 1 2 4 0 0 0
822 3 2 0 1 0 1 2 0 2 1
823 1 1 2 0 1 1 0 0 2 0
824 0 3 2 2 1 1 0 2 1 2
825 2 0 3 2 1 2 3 1 0 1
826 3 1 1 2 1 0 3 1 0 1
827 2 2 0 1 0 1 2 0 1 0
828 0 2 0 0 0 0 1 2 1 0
829 4 2 2 1 1 0 1 1 3 2
830 2 0 1 0 1 0 0 1 1 2
831 2 0 1 1 1 0 1 1 0 2
832 1 4 2 0 2 2 0 1 0 2
833 1 2 0 1 0 0 1 1 0 2
834 1 0 0 0 0 1 1 1 0 0
835 0 3 1 2 2 2 0 1 0 1
836 1 0 3 0 0 0 0 1 0 1
837 2 2 0 0 0 0 0 2 2 0
838 2 1 2 1 0 1 2 2 1 0
839 0 0 1 1 0 2 0 1 0 0
840 0 3 2 1 0 2 0 3 0 0
841 0 2 1 0 0 2 2 1 2 0
842 1 1 0 0 2 1 1 1 0 4
843 3 0 2 1 1 2 1 2 3 0
844 2 0 0 2 1 1 2 0 0 2
845 2 2 0 0 1 1 2 1 2 3
846 1 0 3 0 3 0 1 1 0 0
847 0 1 1 0 3 2 0 2 1 0
848 2 1 0 0 0 1 2 1 2 0
849 1 0 1 1 1 2 0 0 0 0
850 0 1 1 1 0 2 1 0 2 0
851 1 1 2 2 0 2 1 2 2 1
852 2 0 1 2 1 2 2 0 1 0
853 2 1 1 0 0 0 1 0 1 1
854 1 0 2 2 0 0 1 0 1 1
855 0 0 2 2 2 2 0 0 2 0
856 0 2 0 0 1 2 1 0 1 1
857 0 1 0 1 1 0 1 1 3 0
858 0 1 0 1 2 3 0 0 0 0
859 0 0 2 2 0 0 2 2 3 2
860 0 1 1 1 0 1 2 4 0 1
861 2 1 0 2 0 0 1 0 4 0
862 0 1 2 4 2 0 3 3 0 0
863 0 1 2 0 2 0 2 0 2 1
864 2 0 0 1 2 0 2 1 1 1
865 0 0 2 0 1 0 0 2 1 0
866 0 1 2 0 0 0 2 1 2 0
867 2 2 0 0 1 2 2 1 1 2
868 1 0 2 2 0 1 2 1 0 0
869 1 1 0 0 0 1 0 1 2 0
870 2 1 2 2 2 0 0 0 1 0
871 1 1 0 2 1 0 0 3 0 1
872 2 1 2 2 2 1 1 2 2 1
873 0 0 2 2 2 1 0 0 0 1
874 2 2 0 0 1 1 2 0 0 0
875 0 3 1 0 0 2 1 2 2 1
876 1 0 2 0 0 2 1 1 1 1
877 0 0 0 1 2 2 0 1 0 2
878 0 1 2 1 0 0 1 0 4 0
879 1 2 1 1 2 2 1 0 0 1
880 0 2 0 2 1 1 1 0 0 0
881 0 2 0 1 1 0 2 0 1 2
882 0 2 0 0 1 1 0 2 0 0
883 0 0 1 0 1 0 0 1 1 1
884 2 0 0 2 2 0 1 1 0 0
885 0 0 1 3 0 2 0 0 0 1
886 0 0 1 0 2 1 0 3 0 0
887 1 1 2 1 1 0 1 1 2 0
888 1 3 0 1 2 0 1 2 0 2
889 0 0 0 0 0 1 2 2 0 0
890 1 1 1 0 1 1 2 2 0 0
891 0 0 1 2 0 1 2 4 3 2
892 0 1 2 0 2 0 1 0 0 0
893 0 3 1 2 2 1 2 0 1 0
894 0 0 2 0 0 1 1 1 0 0
895 1 0 0 0 1 0 0 2 0 0
896 1 1 0 0 0 1 2 1 1 2
897 1 1 0 1 1 1 1 2 1 0
898 1 1 0 0 2 0 3 0 0 1
899 0 1 0 2 1 0 0 0 0 1
900 1 0 0 3 2 0 0 0 2 1
901 2 0 0 3 2 0 2 0 0 2
902 2 0 2 0 0 0 0 1 1 0
903 2 2 4 2 2 2 3 0 1 1
904 0 1 1 0 2 2 0 2 1 1
905 0 0 0 1 1 2 1 1 1 2
906 2 0 0 2 0 0 3 0 0 1
907 1 1 2 1 1 2 2 2 2 0
908 0 2 2 1 0 0 0 0 0 0
909 1 1 0 1 2 0 3 1 1 1
910 3 0 2 1 1 0 0 0 1 1
911 1 2 0 2 0 2 0 1 2 0
912 0 0 0 0 3 0 0 1 0 1
913 1 4 2 1 0 1 2 1 1 0
914 0 1 1 0 3 1 0 0 2 1
915 1 4 0 0 1 1 2 1 2 1
916 2 1 1 1 0 0 2 1 3 0
917 0 0 1 1 0 0 0 0 0 0
918 2 0 1 0 1 2 3 1 1 0
919 1 0 0 1 0 1 0 1 0 0
920 1 2 1 2 2 1 1 0 0 2
921 2 1 1 1 0 0 0 1 2 1
922 2 0 2 3 0 0 0 0 1 2
923 2 1 0 2 2 0 0 3 0 1
924 0 0 2 1 2 1 1 0 1 1
925 2 1 0 2 1 1 1 4 1 0
926 1 1 3 0 2 1 0 2 1 0
927 0 2 2 0 0 0 2 1 1 1
928 2 2 4 2 2 1 0 1 1 0
929 1 0 1 1 1 0 1 0 0 0
930 0 2 0 0 0 2 1 1 1 2
931 1 0 1 1 1 0 0 2 2 1
932 0 2 0 1 0 1 2 0 0 2
933 1 2 0 0 0 1 2 0 0 3
934 1 1 3 3 1 2 2 0 0 2
935 1 2 0 1 0 0 1 0 0 0
936 1 2 2 0 2 0 0 1 0 0
937 3 0 0 3 4 2 1 2 0 0
938 3 0 1 0 1 1 0 0 0 1
939 0 0 1 1 0 2 0 0 2 0
940 1 2 0 0 1 0 2 1 1 0
941 1 0 0 1 1 1 1 0 1 1
942 1 2 1 2 1 0 0 4 2 1
943 2 2 2 1 1 3 0 0 0 2
944 2 3 3 0 0 1 0 0 1 2
945 1 0 1 2 2 0 0 0 1 2
946 2 0 0 0 1 0 0 0 0 0
947 0 2 1 0 1 1 2 0 0 0
948 0 0 1 0 0 1 2 0 2 1
949 1 2 1 0 2 1 0 1 1 0
950 3 4 2 2 2 1 2 1 0 2
951 2 1 2 2 0 0 2 2 1 2
952 2 0 0 1 2 0 0 0 0 1
953 2 2 2 0 3 0 0 0 1 2
954 1 1 1 0 0 1 1 0 2 3
955 1 0 2 1 0 3 0 1 0 0
956 0 1 1 1 0 1 2 1 1 0
957 0 2 3 1 2 0 2 0 1 1
958 0 1 0 1 3 0 1 1 1 0
959 2 2 0 1 2 2 1 1 2 0
960 0 0 2 1 0 1 2 1 0 0
961 0 2 0 1 0 0 0 1 0 0
962 1 3 2 1 0 1 0 2 0 2
963 1 0 0 0 0 0 2 1 1 0
964 2 0 0 2 2 0 0 0 2 0
965 2 0 1 2 1 0 1 3 3 1
966 2 1 3 3 1 2 2 0 0 1
967 2 0 0 0 2 0 0 0 1 1
968 2 0 1 0 2 2 2 2 3 2
969 4 0 2 1 0 1 0 1 0 1
970 0 1 2 0 0 1 1 2 1 1
971 0 0 2 0 1 0 1 0 0 0
972 0 2 2 0 0 2 2 0 0 4
973 0 1 4 2 1 2 1 0 0 0
974 1 2 1 1 2 0 1 3 2 2
975 2 1 0 1 1 0 0 2 2 3
976 2 1 2 2 0 1 2 0 0 1
977 2 2 1 0 0 1 0 2 1 0
978 1 2 2 0 0 1 1 0 0 4
979 0 0 2 2 2 0 0 0 0 1
980 0 1 1 1 0 2 2 1 0 1
981 1 0 0 1 1 0 2 0 1 1
982 0 2 0 2 0 0 0 1 0 0
983 0 0 2 3 3 1 1 2 2 2
984 1 1 2 2 0 1 0 4 1 0
985 2 1 0 0 4 1 2 1 0 0
986 2 2 0 1 0 1 1 1 2 0
987 3 2 3 0 2 2 3 1 0 3
988 0 0 1 1 0 2 0 2 0 2
989 2 1 0 2 1 1 1 0 2 0
990 2 2 1 1 1 1 2 1 1 1
991 2 0 0 0 2 1 1 0 2 0
992 1 2 0 1 2 0 1 3 0 1
993 2 1 2 3 1 2 1 4 0 2
994 2 0 0 0 0 0 1 1 0 0
995 1 3 2 2 0 1 2 0 0 2
996 0 0 2 1 1 0 2 1 1 1
997 2 1 2 1 2 1 2 1 1 1
998 1 0 0 1 1 1 1 0 2 0
999 2 1 0 0 0 1 0 0 2 2
1000 2 2 2 0 0 0 0 1 0 1
1001 2 2 1 0 0 4 1 1 0 1
1002 0 0 0 1 0 0 1 0 0 1
1003 0 1 1 1 0 1 1 1 1 1
1004 0 2 4 1 1 0 0 0 0 1
1005 1 0 0 1 2 2 0 0 2 2
1006 2 0 0 2 3 0 1 1 0 0
1007 1 1 0 1 0 1 1 1 0 2
1008 2 0 4 2 1 0 0 0 0 2
1009 2 1 4 1 1 3 1 0 1 0
1010 1 2 1 0 0 2 1 0 3 0
1011 1 0 1 0 0 1 1 0 0 1
1012 2 1 1 1 0 0 2 2 0 1
1013 1 0 0 0 1 0 0 4 0 0
1014 1 0 0 0 0 1 0 0 2 0
1015 2 1 0 0 1 1 0 0 0 0
1016 2 1 2 0 2 0 0 0 1 1
1017 2 2 0 0 2 1 1 2 2 1
1018 2 0 2 2 2 1 1 2 0 0
1019 1 0 1 0 1 1 3 0 0 1
1020 1 1 1 2 0 0 2 1 2 0
1021 0 2 0 1 1 1 0 1 2 0
1022 2 1 2 3 0 0 0 0 0 1
1023 0 0 1 1 0 1 2 2 0 1
1024 2 2 0 0 2 0 1 1 0 0
1025 3 0 0 1 2 2 2 2 4 0
1026 0 1 3 0 2 0 1 1 1 0
1027 0 0 0 0 2 0 0 0 1 0
1028 0 1 0 1 1 2 1 0 4 0
1029 4 1 0 0 2 1 2 0 1 1
1030 2 0 0 0 0 1 2 0 0 0
1031 0 2 0 0 1 2 1 0 2 0
1032 2 1 0 0 1 2 0 1 1 2
1033 0 0 1 0 2 1 0 1 2 0
1034 0 2 0 1 2 0 2 1 0 2
1035 2 0 0 1 0 0 0 2 0 1
1036 2 2 0 1 1 1 0 0 1 1
1037 2 1 2 1 2 1 2 1 2 1
1038 0 1 1 2 0 1 2 1 1 4
1039 1 1 1 2 0 1 0 0 0 1
1040 0 0 0 0 0 1 1 0 0 2
1041 3 2 1 0 1 1 0 1 0 0
1042 2 2 0 0 0 1 1 2 1 0
1043 2 0 3 0 1 1 0 1 1 1
1044 0 2 2 1 2 1 2 0 0 1
1045 0 4 2 0 1 0 2 1 1 2
1046 2 1 2 1 2 0 0 1 0 1
1047 1 0 1 1 0 1 0 1 0 3
1048 2 1 0 0 2 4 2 0 0 0
1049 2 0 0 2 0 0 3 2 0 1
1050 3 0 3 1 0 0 2 0 2 0
1051 1 0 1 1 0 0 1 1 3 0
1052 0 2 0 0 1 1 0 1 0 2
1053 1 0 0 1 0 0 2 0 0 1
1054 1 1 0 0 1 0 3 1 1 0
1055 0 4 2 0 0 4 1 2 0 1
1056 2 1 2 3 0 1 0 1 0 0
1057 0 0 1 1 1 1 0 1 0 0
1058 0 2 0 0 1 1 4 0 0 0
1059 2 1 2 2 1 0 0 0 2 0
1060 0 3 1 2 0 1 1 0 0 0
1061 1 0 1 0 1 0 1 0 1 1
1062 1 2 0 1 0 1 1 0 3 1
1063 2 0 2 1 0 1 3 3 2 2
1064 2 0 0 1 2 0 2 0 1 0
1065 3 1 0 3 1 1 1 0 1 2
1066 0 0 1 1 1 1 0 2 0 0
1067 2 0 0 1 1 2 1 1 1 2
1068 2 0 0 0 0 2 2 0 0 1
1069 0 2 1 0 1 1 1 0 0 0
1070 3 1 0 2 1 0 0 0 2 0
1071 2 2 0 0 0 2 0 0 1 2
1072 0 0 1 0 2 0 0 1 0 1
1073 2 0 1 0 4 0 0 0 2 2
1074 2 1 1 3 1 1 3 2 0 0
1075 4 2 0 1 2 0 1 1 1 1
1076 0 3 0 0 0 1 2 1 1 1
1077 0 1 0 0 1 1 0 1 2 1
1078 0 3 1 1 0 2 1 1 1 1
1079 3 2 3 0 2 0 1 0 1 1
1080 1 0 1 0 2 1 2 1 1 1
1081 1 0 2 2 1 0 2 1 1 1
1082 1 0 0 2 1 0 1 0 4 0
1083 0 2 2 0 2 2 0 4 2 1
1084 1 1 1 1 1 1 2 1 0 1
1085 2 0 0 2 1 1 0 2 2 1
1086 2 0 2 1 0 0 1 0 0 2
1087 2 1 0 1 0 2 0 0 2 1
1088 2 0 0 0 0 2 0 1 3 2
1089 0 2 1 0 1 2 0 0 1 0
1090 1 1 0 2 0 1 0 1 0 0
1091 1 1 2 2 1 1 2 0 1 1
1092 3 0 1 2 0 2 2 0 1 2
1093 2 0 2 2 0 0 4 0 2 0
1094 0 1 2 1 1 2 0 2 3 1
1095 0 1 0 2 2 0 2 1 1 1
1096 1 0 1 0 1 1 0 0 0 1
1097 1 1 0 1 2 0 3 0 1 0
1098 3 1 1 2 0 0 0 0 2 1
1099 0 1 1 2 0 1 2 0 3 0
1100 1 0 0 0 2 0 2 1 1 0
1101 2 0 1 2 0 0 1 1 0 1
1102 2 0 0 3 0 2 2 0 1 0
1103 2 2 0 1 1 2 1 1 0 0
1104 1 2 0 3 2 1 1 1 1 1
1105 1 2 1 2 0 0 1 1 0 0
1106 0 1 1 2 0 2 2 0 0 0
1107 2 1 2 0 0 2 0 1 1 0
1108 1 1 1 0 1 0 2 0 1 1
1109 1 2 0 0 0 4 1 0 0 0
1110 1 2 2 1 0 0 1 1 0 1
1111 2 2 1 0 2 0 0 0 2 1
1112 1 1 1 2 1 2 3 1 0 1
1113 2 3 3 1 1 0 2 0 0 0
1114 0 0 1 0 2 0 0 2 0 0
1115 2 0 0 1 2 1 0 1 1 1
1116 2 1 2 2 0 0 0 1 0 0
1117 1 0 0 0 0 0 1 1 0 0
1118 2 1 1 0 2 2 0 0 0 0
1119 0 1 2 2 2 0 1 0 1 0
1120 0 0 0 0 0 2 0 0 0 0
1121 2 1 0 0 2 1 3 1 2 1
1122 0 2 2 2 0 0 0 0 0 2
1123 1 0 0 3 1 2 0 0 2 1
1124 0 0 3 1 0 1 0 0 2 0
1125 2 1 0 1 0 0 2 0 3 1
1126 3 0 1 3 0 0 2 2 0 1
1127 0 0 2 2 0 0 0 0 0 0
1128 0 1 0 2 2 2 2 0 1 0
1129 0 0 3 0 0 0 0 2 2 0
1130 2 2 1 2 1 0 0 0 2 0
1131 2 0 1 3 0 2 2 1 1 2
1132 1 1 0 0 2 2 1 2 2 2
1133 0 0 2 4 2 1 1 1 2 1
1134 2 1 1 1 2 0 2 1 1 0
1135 2 0 0 4 0 3 0 0 2 1
1136 2 0 1 1 1 0 1 1 0 1
1137 1 2 1 0 0 1 1 2 2 1
1138 1 1 1 2 0 1 2 0 1 0
1139 1 1 0 0 1 0 1 0 2 0
1140 0 0 1 0 2 1 2 2 2 1
1141 3 0 2 0 1 2 1 1 1 1
1142 0 3 1 0 1 1 2 2 1 0
1143 0 1 0 2 1 0 0 2 3 1
1144 0 3 1 2 0 2 1 0 2 1
1145 2 2 0 1 0 0 2 0 0 0
1146 1 0 1 0 0 1 1 0 1 0
1147 1 1 2 0 1 3 1 1 0 0
1148 1 0 0 2 1 4 3 1 2 2
1149 2 2 2 1 2 0 2 0 2 1
