0 2 0 2 0 0 2 0 1 0 0
1 2 0 1 2 1 2 0 4 1 0
2 1 0 2 1 0 1 2 0 1 0
3 1 2 0 1 0 0 1 2 2 2
4 2 2 0 1 2 0 2 0 1 1
5 3 0 2 0 0 0 0 1 1 0
6 1 0 0 1 0 2 2 2 1 3
7 1 2 2 0 2 0 2 1 2 0
8 0 4 0 0 1 0 0 1 2 0
9 1 2 1 0 2 0 0 1 1 2
10 0 2 2 1 0 1 1 2 1 1
11 2 1 0 0 2 0 2 2 0 0
12 2 1 2 2 2 0 2 0 0 0
13 2 0 1 0 0 0 2 0 1 2
14 1 2 1 0 1 0 0 1 1 0
15 2 3 2 1 0 1 1 0 2 1
16 2 0 0 2 0 0 1 0 2 0
17 0 2 1 2 2 1 0 0 0 0
18 3 1 2 0 1 1 3 1 1 1
19 0 2 1 1 0 2 1 1 1 0
20 1 3 0 0 1 1 0 2 2 2
21 1 1 2 1 2 0 0 0 0 2
22 0 0 2 0 1 1 2 2 0 1
23 0 0 1 1 0 0 1 0 2 2
24 0 0 1 1 1 1 0 0 1 1
25 1 1 2 0 1 4 1 0 1 1
26 2 1 0 1 0 1 0 0 2 0
27 2 1 1 2 0 2 2 2 1 0
28 0 0 4 2 2 1 2 0 1 2
29 0 0 2 1 0 1 0 1 2 0
30 2 2 2 1 1 0 3 1 0 1
31 2 0 2 0 0 0 2 0 1 0
32 1 1 0 1 1 1 0 1 1 1
33 1 1 2 3 1 0 1 0 0 1
34 0 1 0 1 0 0 2 0 0 0
35 2 1 1 0 1 2 0 1 1 3
36 1 1 0 2 1 0 2 1 0 1
37 1 0 1 1 4 1 1 0 1 3
38 2 0 3 0 0 4 1 0 2 1
39 0 0 2 0 1 0 2 2 0 2
40 2 2 1 3 0 4 1 1 1 1
41 0 0 1 0 2 0 2 2 1 1
42 2 2 1 2 1 1 0 1 0 2
43 2 0 0 0 1 0 2 1 0 1
44 1 3 2 1 1 3 1 1 2 0
45 1 2 0 0 4 1 2 0 0 4
46 2 0 0 1 0 0 1 0 1 1
47 0 0 0 2 0 0 1 0 0 2
48 1 1 1 2 1 1 2 0 0 0
49 2 1 4 2 0 1 0 1 0 2
50 0 0 3 0 1 0 3 1 1 0
51 1 0 0 0 0 0 1 1 2 2
52 2 1 1 1 0 0 1 2 2 0
53 4 1 1 0 1 1 4 0 1 0
54 0 0 0 1 1 1 0 4 0 1
55 0 2 1 1 2 1 2 1 1 0
56 0 1 1 1 3 1 0 3 1 2
57 1 0 0 2 0 0 2 0 1 0
58 1 2 2 0 1 1 0 2 2 1
59 2 0 0 0 2 0 1 2 1 0
60 0 1 0 0 1 0 1 0 0 0
61 2 0 0 0 2 4 0 1 2 0
62 2 0 1 0 1 1 0 3 1 1
63 1 1 0 1 1 1 3 2 0 0
64 2 2 0 1 2 1 2 1 0 4
65 2 2 1 0 1 0 0 1 0 0
66 0 1 1 4 1 0 1 1 0 0
67 0 1 0 2 1 0 1 1 0 0
68 0 2 0 0 0 1 1 1 0 1
69 1 2 2 2 1 1 2 0 1 1
70 0 1 1 0 2 0 3 1 0 0
71 1 2 1 2 1 0 1 1 0 2
72 2 0 0 0 1 2 0 1 0 0
73 0 0 1 0 1 3 1 0 2 1
74 1 1 2 1 2 0 2 2 1 0
75 1 1 0 1 0 2 0 2 0 0
76 1 0 1 1 2 1 2 0 0 2
77 0 0 2 0 1 2 2 0 0 0
78 0 3 0 1 1 0 1 1 2 1
79 0 3 0 0 0 0 1 0 1 2
80 0 3 2 0 1 0 0 0 1 1
81 1 1 0 0 1 3 0 2 1 0
82 1 1 2 2 1 0 1 0 0 1
83 2 1 3 1 1 0 0 2 0 0
84 2 0 1 0 1 0 1 2 2 1
85 1 1 3 1 0 0 0 4 2 0
86 1 0 0 1 1 0 0 0 1 0
87 0 0 3 0 0 0 1 0 1 0
88 1 1 0 1 0 0 2 0 1 1
89 3 1 0 1 1 1 1 1 2 0
90 3 2 0 1 0 1 3 1 0 1
91 0 1 1 1 1 1 1 0 2 2
92 2 1 2 2 0 0 3 2 3 1
93 0 1 0 1 1 1 0 3 1 0
94 0 1 1 3 1 1 0 0 1 2
95 0 1 1 1 1 1 1 0 1 2
96 2 4 2 0 1 0 2 0 1 0
97 1 2 2 0 1 0 0 1 0 1
98 1 0 1 1 1 0 0 1 0 1
99 0 1 0 0 2 1 1 1 0 2
100 0 4 1 3 1 1 1 2 2 1
101 2 0 0 0 0 1 0 0 0 1
102 1 0 0 0 1 1 1 1 1 1
103 1 0 0 0 2 0 0 0 1 0
104 0 1 0 4 3 1 0 0 1 2
105 2 0 0 2 2 2 0 2 0 0
106 2 0 2 2 1 1 3 2 1 1
107 2 0 2 1 0 0 1 2 0 0
108 0 0 1 0 2 1 2 1 2 4
109 1 1 2 2 1 1 1 1 0 1
110 0 0 3 1 0 0 1 2 0 1
111 0 2 1 2 0 0 1 0 1 2
112 1 3 0 4 0 0 2 2 1 1
113 3 1 1 1 0 1 0 0 1 1
114 1 1 2 2 0 0 0 2 0 0
115 1 1 2 0 0 1 1 0 0 1
116 0 0 0 3 2 1 1 0 2 2
117 2 0 1 0 1 2 2 0 0 0
118 1 1 0 0 3 2 3 0 2 1
119 2 0 3 0 2 0 2 1 3 1
120 0 0 0 1 2 1 1 0 1 1
121 1 1 0 1 1 2 1 3 1 1
122 0 1 0 1 0 2 3 0 0 0
123 3 1 2 2 0 1 0 1 1 0
124 0 2 1 0 0 1 1 2 0 0
125 0 0 0 1 1 0 1 1 1 0
126 2 2 1 4 0 2 0 3 0 0
127 0 0 0 1 2 1 0 2 1 2
128 0 1 1 0 2 1 1 2 0 2
129 0 2 0 0 1 0 1 1 1 0
130 0 0 1 2 2 1 0 0 0 0
131 1 0 2 2 2 0 0 1 1 1
132 0 0 0 0 0 2 4 0 2 2
133 0 0 2 0 0 2 0 1 0 2
134 3 2 2 0 1 1 0 2 0 1
135 0 0 0 0 1 1 0 1 1 0
136 1 1 0 1 0 0 1 2 0 0
137 0 1 1 0 0 0 0 0 2 1
138 0 4 0 0 0 1 1 0 2 1
139 0 1 0 0 0 1 0 1 1 0
140 2 2 0 2 2 1 0 0 0 1
141 1 0 0 2 1 1 1 2 2 1
142 1 0 0 1 2 0 0 1 1 2
143 1 2 2 0 0 0 2 1 0 0
144 3 1 2 0 1 0 1 0 1 3
145 1 2 1 1 1 2 2 1 1 1
146 1 1 0 0 0 1 0 2 2 1
147 0 2 0 1 1 2 1 2 2 2
148 1 1 2 0 1 2 2 2 0 0
149 2 2 2 0 0 0 0 2 0 0
150 1 1 1 2 2 1 0 0 2 1
151 1 1 1 0 0 1 3 2 4 0
152 2 1 4 1 1 0 1 0 0 2
153 0 1 1 2 1 2 2 1 2 0
154 0 0 0 0 2 1 1 0 1 0
155 0 0 0 1 2 2 2 1 2 2
156 2 0 0 0 1 0 1 0 0 1
157 1 2 3 0 1 0 0 2 1 0
158 0 1 0 1 0 0 0 0 1 0
159 2 3 0 0 0 0 0 2 1 0
160 2 1 1 1 2 2 0 2 1 1
161 0 1 0 2 0 0 0 4 3 0
162 1 1 1 2 1 1 0 1 0 1
163 0 0 0 0 2 2 1 0 0 0
164 1 1 0 1 2 2 1 0 1 0
165 0 2 1 2 0 1 0 0 1 2
166 2 0 1 0 1 4 2 0 0 1
167 1 1 1 0 2 2 0 0 0 1
168 1 2 0 0 2 0 1 1 1 0
169 0 1 2 0 1 2 1 2 0 0
170 0 1 2 1 2 0 0 1 2 0
171 1 1 0 2 0 0 1 1 2 0
172 1 0 1 1 2 2 0 1 2 0
173 2 1 2 1 1 2 1 0 2 1
174 1 2 2 1 0 1 1 2 0 2
175 0 3 2 0 0 2 0 2 1 1
176 0 1 1 1 0 2 0 2 0 0
177 0 2 1 3 1 0 0 0 1 2
178 3 1 0 4 1 0 1 0 2 0
179 2 2 0 2 2 2 1 1 0 1
180 1 0 0 0 0 2 1 0 0 2
181 1 1 1 1 0 0 3 1 0 0
182 2 0 0 2 0 1 2 1 1 1
183 0 1 0 2 0 1 2 0 0 1
184 1 2 0 1 2 0 2 0 1 0
185 3 2 2 0 0 0 1 2 0 0
186 0 2 0 0 1 0 0 0 0 0
187 2 0 2 0 2 1 0 3 0 0
188 1 0 2 0 1 1 1 0 0 1
189 0 2 0 2 0 1 0 0 0 0
190 1 2 0 0 0 0 0 0 0 2
191 0 1 2 0 2 2 1 0 0 1
192 2 1 2 0 1 1 1 2 1 2
193 1 0 1 1 1 0 0 2 1 1
194 2 1 1 1 0 0 0 0 1 0
195 2 1 0 0 0 0 1 3 1 0
196 1 0 1 1 2 2 0 1 0 0
197 0 1 0 0 1 2 0 2 0 1
198 0 0 1 1 0 1 0 0 0 0
199 1 2 0 1 1 2 0 1 1 1
200 2 1 3 2 1 1 0 1 1 1
201 1 2 0 0 1 1 0 2 1 2
202 0 0 1 1 1 0 1 0 1 1
203 1 0 0 0 1 0 1 1 1 2
204 0 1 0 0 0 3 1 0 1 2
205 2 0 0 0 1 1 1 0 2 1
206 1 3 1 1 1 3 1 1 1 0
207 1 2 1 0 0 4 0 1 0 4
208 1 0 0 0 0 0 0 1 1 3
209 1 0 0 1 2 0 3 0 1 1
210 0 1 1 1 2 0 0 0 0 1
211 1 2 2 0 0 1 1 1 0 1
212 2 1 0 0 0 0 2 0 1 0
213 1 3 1 0 1 0 1 1 0 1
214 3 1 0 2 1 0 2 1 1 1
215 1 1 2 1 1 1 2 2 0 0
216 2 0 0 1 2 1 0 2 1 1
217 0 0 0 2 1 0 2 0 2 1
218 0 2 0 0 1 0 1 0 0 0
219 2 1 2 0 0 0 0 2 1 0
220 1 2 2 0 0 2 2 0 1 1
221 0 3 0 0 0 0 2 1 0 0
222 0 1 0 0 1 2 0 0 0 1
223 2 0 2 0 1 2 1 0 1 0
224 2 2 1 1 2 1 1 1 0 1
225 1 1 2 1 2 1 2 1 0 2
226 0 0 0 0 0 0 0 1 2 1
227 0 0 0 2 2 2 2 0 0 2
228 0 0 0 0 2 4 1 2 0 1
229 1 2 2 0 0 1 1 0 0 0
230 0 1 0 3 0 0 0 0 0 2
231 1 1 0 1 1 2 1 1 0 1
232 0 2 1 2 2 1 1 2 1 1
233 3 0 0 0 1 0 0 1 1 1
234 2 1 0 1 0 3 1 0 2 0
235 0 0 0 1 0 1 0 1 0 0
236 1 1 3 1 1 0 2 0 1 1
237 1 2 0 1 0 2 0 2 0 0
238 0 1 0 0 2 1 2 0 2 2
239 1 0 1 1 1 1 1 1 1 0
240 1 2 2 1 0 0 1 1 2 3
241 0 2 2 1 2 1 1 0 4 0
242 1 2 1 2 2 1 0 0 2 0
243 2 0 1 0 0 0 1 0 1 1
244 0 2 2 0 1 2 0 1 0 2
245 4 1 1 2 2 1 1 1 1 2
246 1 0 0 2 2 0 2 0 2 1
247 4 2 0 2 3 1 0 0 0 1
248 0 1 2 2 0 1 0 1 3 2
249 3 0 2 3 2 0 1 1 0 0
250 0 0 1 2 1 2 0 2 0 1
251 1 1 0 0 2 0 0 0 0 0
252 0 2 2 0 1 0 2 1 2 0
253 0 1 2 0 1 1 0 2 1 0
254 2 1 1 2 1 0 1 0 1 1
255 1 2 0 2 1 0 0 0 1 1
256 0 2 1 0 0 0 1 0 0 0
257 1 0 2 0 0 0 0 3 0 1
258 2 0 2 1 0 2 0 0 0 0
259 1 0 0 0 1 2 0 0 1 2
260 0 0 0 2 1 2 1 2 0 0
261 0 1 1 0 0 2 2 1 0 0
262 0 0 0 0 2 1 3 0 1 1
263 4 2 2 1 0 2 3 1 0 2
264 0 0 1 2 1 1 1 1 0 0
265 1 1 0 0 2 0 1 2 0 0
266 2 0 1 0 1 1 0 0 1 2
267 0 1 2 3 2 1 1 0 0 3
268 0 2 1 2 1 0 1 0 0 0
269 1 1 0 1 0 1 0 1 1 0
270 0 1 1 0 1 1 0 1 1 1
271 2 1 1 0 0 4 0 0 2 2
272 0 1 0 1 4 1 2 1 1 1
273 0 0 0 2 2 0 1 0 0 1
274 1 1 1 0 1 3 0 0 1 1
275 0 0 1 1 0 0 0 0 1 0
276 1 0 0 0 0 2 2 2 0 0
277 1 1 2 0 0 0 1 1 2 4
278 2 1 0 2 0 0 0 1 2 1
279 1 2 0 1 2 0 1 2 0 1
280 2 1 0 3 1 1 0 2 0 3
281 2 1 1 2 0 1 1 0 1 2
282 2 1 1 0 1 2 0 2 0 1
283 0 3 2 1 1 0 0 1 0 0
284 0 1 0 0 2 0 2 1 0 2
285 1 0 0 2 2 2 1 0 0 0
286 1 0 2 0 1 0 1 1 2 0
287 2 2 3 0 0 0 0 0 0 0
288 2 1 1 2 2 0 2 0 0 1
289 2 2 0 1 0 1 1 4 1 0
290 1 2 0 1 2 0 1 1 2 1
291 1 2 1 0 1 1 1 0 1 0
292 4 2 1 0 2 1 2 0 2 0
293 3 0 1 0 0 0 1 4 1 2
294 1 0 3 1 2 0 0 2 0 2
295 2 0 1 1 3 1 0 2 2 1
296 1 3 1 0 1 0 2 2 0 2
297 2 0 1 1 0 2 2 3 0 2
298 1 0 1 0 2 1 0 0 2 0
299 1 2 0 0 0 3 1 0 0 0
300 0 1 0 0 1 0 0 2 2 0
301 1 2 1 0 1 0 1 2 1 1
302 1 1 3 1 0 2 0 1 0 2
303 1 1 4 0 1 0 1 2 0 1
304 0 2 2 2 0 0 0 1 0 2
305 1 1 0 1 0 0 0 3 0 2
306 1 1 0 1 1 2 0 2 2 2
307 0 1 3 1 0 0 0 0 0 1
308 0 1 2 1 2 1 0 2 3 2
309 0 1 0 2 0 1 0 2 1 1
310 0 2 0 0 1 2 4 2 1 1
311 0 0 1 0 0 2 0 2 1 2
312 2 2 1 2 1 0 2 0 0 1
313 2 0 0 0 1 1 2 0 0 0
314 2 0 2 2 1 2 0 0 1 0
315 1 0 0 1 0 0 2 0 1 0
316 3 2 2 2 1 0 1 2 0 1
317 1 0 2 1 2 1 0 1 2 0
318 0 0 0 0 0 3 2 0 0 0
319 0 0 1 1 2 1 0 3 0 0
320 1 0 0 1 4 2 1 1 1 1
321 0 3 0 0 2 2 2 0 1 0
322 2 1 0 0 1 2 1 0 1 0
323 3 2 1 3 0 1 2 0 0 2
324 0 0 2 2 1 4 0 0 2 1
325 3 0 0 1 1 1 1 2 2 0
326 1 1 0 2 0 0 2 1 1 3
327 0 1 0 0 1 0 1 2 2 0
328 2 2 2 2 2 0 1 2 1 1
329 0 2 2 1 3 1 0 0 1 0
330 2 0 2 0 2 2 2 0 1 0
331 1 1 0 2 2 0 2 0 0 1
332 2 0 2 1 1 0 1 1 0 1
333 1 3 0 0 1 2 1 2 2 1
334 0 2 1 1 1 0 0 0 1 1
335 1 1 2 0 2 0 0 0 2 2
336 1 2 1 0 0 0 1 2 1 1
337 1 1 0 0 1 1 0 0 0 0
338 1 0 0 1 1 0 0 1 0 0
339 1 1 3 2 1 2 0 0 1 0
340 0 4 1 2 1 3 2 1 1 0
341 0 3 2 1 3 0 2 0 4 0
342 3 0 1 0 0 0 0 2 2 0
343 1 1 1 1 2 1 2 1 1 0
344 2 2 0 1 1 0 2 2 1 0
345 0 0 0 0 3 4 0 1 0 1
346 1 0 0 1 0 4 2 0 0 0
347 1 1 2 2 0 2 2 2 2 1
348 0 2 1 1 3 1 1 0 3 1
349 2 2 2 2 1 2 2 1 1 2
350 2 1 2 2 0 2 2 3 0 2
351 1 0 0 0 1 0 0 0 0 1
352 0 0 0 4 0 2 3 0 1 2
353 2 2 0 1 1 1 0 1 2 1
354 1 1 2 1 0 0 0 2 0 1
355 2 1 1 1 1 1 0 0 1 2
356 1 2 2 0 0 0 0 0 1 1
357 1 0 1 1 0 1 1 1 0 2
358 1 1 1 2 2 1 1 1 1 2
359 2 3 0 0 3 2 1 1 2 2
360 3 2 2 0 0 2 1 0 1 0
361 1 0 0 2 2 0 2 1 1 1
362 0 2 1 1 2 1 0 0 2 1
363 1 0 0 1 0 1 2 0 1 0
364 1 2 2 0 2 0 2 2 4 0
365 3 1 0 2 2 1 1 0 1 0
366 2 1 1 0 0 1 1 1 1 2
367 2 1 1 0 1 0 2 0 2 2
368 1 0 0 2 1 1 1 2 1 1
369 2 0 2 1 1 1 2 2 0 1
370 2 2 0 0 0 0 1 0 0 1
371 1 1 1 0 1 1 0 4 2 0
372 1 2 2 1 2 1 0 2 1 1
373 2 2 1 2 2 0 3 0 0 1
374 2 2 2 2 3 4 1 2 2 0
375 0 2 1 1 2 0 0 2 3 1
376 1 0 1 0 1 0 0 1 2 3
377 2 0 0 1 0 2 2 0 2 2
378 2 1 0 0 2 2 2 0 0 0
379 0 0 0 2 0 2 0 1 2 2
380 0 2 1 0 0 1 0 0 1 1
381 0 2 1 1 0 2 3 2 1 0
382 1 1 1 1 2 0 2 1 2 0
383 2 2 2 0 2 1 1 0 2 0
384 4 1 1 2 0 0 1 1 0 1
385 1 1 1 2 1 1 1 0 0 1
386 1 0 0 2 2 1 1 0 1 0
387 1 0 0 0 0 0 3 0 2 0
388 0 2 0 0 1 0 2 0 1 1
389 0 0 1 2 0 1 1 1 1 0
390 2 2 2 0 1 0 3 2 0 2
391 2 0 1 0 1 2 1 1 0 0
392 1 2 0 2 1 2 1 1 0 0
393 2 0 0 1 0 2 2 1 0 0
394 2 2 1 0 0 1 1 1 1 0
395 2 1 0 1 2 0 0 1 2 0
396 1 0 1 2 3 1 0 0 1 1
397 0 0 0 2 1 0 0 2 1 0
398 3 0 1 0 0 2 0 1 0 1
399 2 1 1 2 1 2 2 1 2 2
400 1 1 0 2 0 2 2 1 2 2
401 1 2 1 1 0 2 0 1 2 0
402 1 1 1 1 1 1 2 1 1 0
403 2 1 0 2 2 1 0 1 2 0
404 1 1 0 2 0 0 1 2 0 0
405 1 2 1 1 2 0 1 2 2 0
406 2 2 2 1 0 0 0 0 2 0
407 3 1 2 0 0 2 2 0 1 0
408 0 1 0 3 1 3 2 0 1 0
409 0 1 1 4 1 1 1 2 1 1
410 0 0 0 0 1 1 2 4 0 0
411 0 1 1 0 0 0 0 1 0 2
412 0 2 1 1 2 1 2 1 0 2
413 0 2 2 0 0 2 0 0 0 0
414 0 0 1 0 0 1 2 1 1 1
415 3 3 3 1 2 1 1 0 0 2
416 2 1 0 2 1 0 1 1 2 2
417 1 2 0 3 2 1 2 0 1 0
418 2 2 0 1 1 0 0 0 1 1
419 2 0 2 1 0 2 1 0 1 2
420 4 0 1 0 1 1 2 1 1 2
421 1 2 1 0 4 1 1 2 0 0
422 2 2 0 0 0 1 0 1 1 2
423 1 0 0 2 0 0 1 0 0 0
424 0 0 0 1 1 2 0 0 1 0
425 2 0 1 0 2 1 2 1 1 2
426 2 1 2 2 0 0 0 2 2 0
427 1 1 2 3 0 1 0 1 1 2
428 1 1 1 0 2 0 0 0 2 0
429 0 0 2 1 1 1 1 2 0 0
430 0 1 0 1 3 0 1 0 0 0
431 0 1 0 1 1 1 0 0 1 0
432 1 0 0 0 1 1 1 0 0 1
433 0 3 1 2 1 3 2 1 3 2
434 0 3 1 1 1 2 1 3 0 2
435 2 0 1 1 0 0 0 1 0 0
436 2 1 0 2 0 1 0 2 2 0
437 0 1 0 2 2 1 2 2 0 0
438 2 1 0 0 1 0 4 1 0 2
439 2 1 0 0 1 1 0 0 2 1
440 3 0 2 1 1 1 0 1 0 1
441 2 1 0 1 0 1 0 1 3 0
442 0 0 0 1 0 1 1 1 2 1
443 1 2 0 1 1 1 2 2 2 1
444 2 0 2 0 0 1 0 1 1 0
445 2 2 1 4 3 0 0 0 1 0
446 0 1 1 1 0 1 0 0 0 2
447 1 2 0 0 0 0 1 0 2 2
448 3 1 1 0 2 1 2 0 0 2
449 3 0 0 3 0 0 2 2 1 0
450 2 2 0 1 0 1 0 0 0 1
451 2 1 0 0 2 1 0 1 1 0
452 1 0 1 0 1 1 0 0 0 3
453 1 0 1 2 2 0 0 0 2 0
454 0 1 1 1 0 0 1 2 1 0
455 1 0 0 0 1 3 0 1 1 1
456 2 1 1 2 0 1 2 1 2 0
457 0 2 0 2 0 0 2 0 0 0
458 1 1 0 1 0 1 1 1 2 0
459 0 0 1 0 0 3 0 0 1 1
460 0 2 0 2 0 1 0 2 0 2
461 2 0 0 4 2 0 1 0 1 0
462 2 3 1 1 1 1 0 1 1 0
463 1 0 1 1 0 1 0 2 2 2
464 2 1 1 1 1 1 2 2 2 2
465 1 0 0 0 1 1 1 0 2 2
466 1 1 2 2 0 0 1 0 2 1
467 3 0 0 0 1 0 2 1 1 1
468 2 1 2 1 1 1 0 2 0 0
469 1 1 0 0 0 0 0 0 0 0
470 0 1 1 0 0 2 1 1 2 2
471 1 2 3 0 2 2 0 2 1 0
472 2 0 0 1 0 2 2 1 2 1
473 1 2 1 1 1 1 0 0 1 4
474 3 2 1 1 1 1 0 1 2 0
475 2 2 1 2 0 0 0 0 0 2
476 2 0 3 0 2 0 2 0 0 0
477 0 0 1 1 1 0 0 0 0 0
478 0 1 0 2 0 1 0 0 3 1
479 0 0 0 1 2 0 0 0 0 1
480 2 0 0 1 2 2 1 1 0 2
481 0 0 0 1 0 0 2 2 1 2
482 1 0 1 3 2 0 0 1 4 0
483 2 0 2 1 2 0 0 0 0 1
484 1 2 0 2 0 3 0 0 2 0
485 0 1 1 0 0 1 1 1 0 0
486 0 2 1 0 2 4 0 2 0 2
487 0 2 0 1 0 1 0 0 1 0
488 2 1 1 1 1 1 1 1 0 1
489 0 2 2 1 1 2 2 0 2 1
490 2 3 2 1 0 1 2 0 0 0
491 0 1 2 0 0 1 0 0 0 1
492 2 0 2 0 2 2 1 1 0 1
493 2 2 0 2 0 1 2 0 2 1
494 2 2 2 0 0 1 2 0 0 1
495 0 3 0 0 2 2 1 0 0 0
496 2 0 1 2 4 1 2 2 0 1
497 0 0 1 0 0 0 0 0 1 0
498 1 0 0 1 0 3 1 0 1 1
499 1 0 1 1 1 1 2 2 2 0
500 0 1 1 2 2 0 0 1 2 0
501 2 2 1 0 0 1 1 2 1 2
502 0 2 2 0 0 2 0 0 0 1
503 1 1 0 0 0 0 0 0 0 0
504 0 0 1 1 3 0 0 0 0 0
505 0 0 2 0 1 0 1 1 1 0
506 0 2 0 2 2 0 1 2 2 3
507 0 0 1 1 1 2 2 2 3 1
508 0 0 0 0 3 2 0 0 0 3
509 3 2 0 0 0 0 2 1 0 1
510 0 1 0 0 1 0 2 0 0 0
511 0 2 4 0 0 1 2 1 0 2
512 2 1 2 0 0 1 1 1 0 1
513 0 0 1 1 0 1 0 1 1 2
514 0 0 1 0 2 1 1 0 1 0
515 3 1 1 0 1 0 1 0 1 2
516 1 1 2 0 1 1 1 3 2 1
517 2 1 0 1 0 1 1 0 0 2
518 0 1 2 1 0 0 0 1 2 0
519 0 1 1 1 0 1 4 1 0 1
520 0 4 2 1 0 0 2 2 2 2
521 2 1 1 1 0 2 0 0 1 1
522 0 2 1 0 1 1 0 0 0 0
523 0 1 0 1 1 1 1 0 3 1
524 2 1 1 2 0 1 1 0 1 2
525 0 0 0 1 0 1 1 0 0 1
526 2 1 1 0 3 0 0 1 1 1
527 0 2 0 2 0 3 0 0 1 1
528 1 1 0 1 1 0 1 2 2 0
529 1 2 1 1 0 1 0 0 0 2
530 4 0 0 1 1 0 1 2 1 0
531 1 0 2 2 1 0 0 2 1 1
532 1 2 2 1 1 2 2 0 0 0
533 2 1 0 0 1 1 1 1 2 0
534 2 2 1 0 0 0 0 1 1 0
535 2 1 0 2 1 0 0 0 2 1
536 0 0 0 2 1 2 1 2 0 0
537 2 1 1 0 0 1 2 0 1 1
538 1 0 1 0 1 3 0 0 2 2
539 3 2 3 0 1 0 0 1 0 0
540 2 2 1 1 1 1 0 0 1 0
541 2 2 1 0 2 1 0 1 0 0
542 2 0 1 0 0 2 1 0 2 1
543 2 2 2 1 0 0 0 2 2 0
544 0 2 2 0 0 3 1 0 1 0
545 1 1 0 2 0 1 1 2 1 0
546 1 1 0 1 1 0 2 0 2 0
547 0 2 1 2 0 4 2 0 0 0
548 2 1 2 0 1 1 0 3 1 0
549 0 4 3 2 1 3 1 1 1 0
550 0 2 0 1 0 1 1 0 0 1
551 2 2 0 2 1 1 0 0 1 0
552 0 1 0 1 0 2 0 1 0 1
553 0 2 1 3 1 1 1 1 1 1
554 2 1 2 2 2 0 0 0 0 0
555 1 0 0 1 1 2 1 1 0 1
556 2 2 0 0 0 2 0 0 2 1
557 0 2 1 2 2 2 1 1 1 0
558 2 0 0 1 0 0 2 1 0 0
559 2 0 1 0 1 0 1 2 0 2
560 1 0 0 2 2 1 0 1 0 1
561 1 0 1 1 0 2 1 0 0 1
562 4 1 1 1 1 1 1 1 0 1
563 0 0 0 0 2 2 0 0 1 2
564 2 2 0 1 1 1 1 0 1 1
565 0 0 0 0 1 1 2 0 0 0
566 2 0 2 2 0 0 2 2 0 2
567 0 0 0 3 0 1 1 0 0 3
568 0 2 0 2 0 3 0 0 2 0
569 1 0 1 0 0 2 1 0 0 2
570 0 2 0 0 1 1 1 1 1 0
571 2 0 0 1 2 2 0 2 1 0
572 2 1 0 4 3 2 0 0 1 0
573 1 0 0 0 1 1 1 0 2 0
574 0 2 1 1 1 2 0 0 0 2
575 2 3 4 2 0 2 0 1 1 2
576 0 2 1 0 1 0 1 0 0 2
577 0 0 0 0 1 1 2 0 3 2
578 2 0 3 0 2 2 0 1 0 0
579 1 1 3 0 1 3 2 0 0 0
580 2 2 1 0 0 2 0 0 0 1
581 0 2 1 3 4 0 0 1 0 0
582 4 2 1 1 0 0 2 2 0 1
583 1 2 1 2 0 1 1 0 1 0
584 1 1 0 1 0 0 0 3 0 1
585 0 1 1 1 2 1 2 0 2 1
586 0 2 2 1 2 1 2 0 1 2
587 0 2 2 2 0 0 1 0 2 0
588 2 1 0 0 4 0 1 1 0 0
589 0 2 1 1 0 1 1 1 1 0
590 0 0 3 1 0 2 2 2 2 0
591 1 0 2 0 4 1 0 3 2 0
592 2 0 0 0 2 1 3 1 4 2
593 1 1 1 1 1 1 0 1 1 2
594 3 0 0 1 2 0 2 0 2 1
595 0 0 0 1 0 3 1 3 0 0
596 1 0 0 2 2 2 1 2 2 1
597 1 0 1 1 1 0 1 1 0 2
598 1 1 2 0 0 1 0 0 0 1
599 2 1 0 0 2 0 0 0 1 0
600 1 0 0 1 0 1 0 0 1 1
601 0 1 1 1 2 0 1 1 1 0
602 0 1 1 0 1 1 0 0 1 0
603 1 1 0 2 0 1 1 0 0 0
604 0 2 1 0 1 1 0 2 2 1
605 1 1 1 0 2 3 0 2 2 0
606 0 0 0 1 2 0 0 1 0 2
607 1 3 1 0 0 0 0 4 1 0
608 0 0 1 2 0 1 0 0 1 1
609 1 0 2 1 1 1 1 2 3 0
610 1 2 2 1 1 1 3 0 0 1
611 2 4 2 2 1 2 0 0 1 0
612 1 1 3 0 0 1 0 2 2 0
613 1 2 1 2 0 1 0 3 2 1
614 0 2 0 1 1 1 2 0 2 1
615 2 2 3 2 0 3 0 1 2 0
616 1 2 0 0 2 0 2 0 1 0
617 2 2 1 0 0 1 1 0 1 0
618 0 2 0 1 2 0 1 1 1 0
619 0 1 2 2 2 1 2 0 0 1
620 3 0 1 0 1 2 2 1 1 1
621 1 2 2 2 0 2 0 2 0 1
622 0 1 2 1 0 0 0 1 0 0
623 1 0 1 2 1 0 0 0 2 0
624 0 0 2 2 0 4 1 3 1 1
625 0 2 0 0 0 1 1 1 1 1
626 1 0 1 0 1 2 0 0 0 0
627 1 0 0 0 0 0 1 2 0 1
628 0 2 1 0 1 2 0 0 0 2
629 2 0 0 1 1 1 1 2 0 1
630 2 0 0 1 0 0 1 0 0 1
631 2 2 2 1 1 0 0 1 0 0
632 2 3 1 3 2 1 1 0 3 0
633 4 0 1 1 0 2 2 0 0 2
634 1 0 2 1 2 0 2 1 0 0
635 0 1 0 1 2 1 2 0 1 1
636 0 2 0 0 0 2 0 0 0 1
637 1 0 0 2 0 0 0 0 0 1
638 0 0 2 3 1 1 0 2 2 2
639 0 0 2 1 0 1 0 2 0 1
640 0 0 0 0 1 0 4 2 0 0
641 2 0 2 0 1 1 1 1 1 1
642 0 2 2 0 0 2 0 1 1 2
643 0 2 0 1 2 1 1 2 1 0
644 1 2 0 0 1 0 1 0 2 0
645 0 0 1 2 0 0 0 0 1 0
646 1 0 2 2 2 0 2 2 0 1
647 2 1 2 2 0 1 1 1 0 2
648 1 0 2 2 1 2 1 1 0 2
649 1 0 0 2 0 1 2 0 2 1
650 1 1 2 0 2 2 0 0 1 1
651 1 0 3 0 0 0 1 2 1 0
652 0 1 1 0 1 2 0 2 2 0
653 1 1 1 0 1 0 1 0 0 2
654 0 0 2 1 0 0 0 2 0 0
655 1 1 1 1 2 0 1 0 0 0
656 2 1 0 1 0 0 0 0 1 2
657 2 1 0 0 0 0 2 0 2 1
658 0 1 2 3 2 3 1 2 1 0
659 1 1 2 2 1 0 1 0 1 1
660 0 1 2 2 2 0 1 2 0 0
661 1 1 0 2 0 1 2 0 0 0
662 1 0 0 1 3 2 1 1 2 0
663 0 1 0 0 0 0 0 1 1 1
664 1 1 0 0 1 0 0 2 0 0
665 0 1 2 4 1 2 1 1 0 2
666 2 2 2 2 3 1 0 0 1 2
667 1 0 1 0 1 1 0 1 2 1
668 1 0 2 1 0 3 0 2 1 0
669 0 2 0 1 1 4 2 2 2 1
670 1 2 0 1 1 4 2 1 1 2
671 1 1 2 1 3 0 1 1 1 1
672 0 1 2 0 1 1 0 1 0 0
673 1 1 0 0 1 3 1 0 0 1
674 0 0 0 3 2 0 3 1 1 2
675 2 0 2 0 0 4 2 2 1 1
676 2 0 2 2 2 0 0 0 1 0
677 1 2 1 0 0 1 1 2 0 1
678 1 1 3 0 4 2 2 1 1 1
679 1 0 2 0 0 1 2 0 0 1
680 2 0 0 1 1 0 1 1 0 0
681 2 4 3 1 0 0 0 1 0 1
682 1 2 0 2 0 2 0 1 1 1
683 0 0 3 0 3 2 2 0 0 2
684 1 1 2 1 0 1 1 3 0 1
685 1 1 0 1 1 1 1 0 0 1
686 2 2 1 1 2 0 1 1 0 0
687 1 0 1 1 1 0 0 0 0 1
688 1 1 1 2 0 0 1 1 2 2
689 1 4 0 1 1 0 1 1 0 2
690 1 2 1 0 1 0 2 4 1 0
691 0 0 0 3 0 1 1 0 2 1
692 1 2 0 1 1 1 0 2 2 1
693 1 0 0 0 1 2 1 0 1 2
694 1 1 0 2 2 0 0 0 3 0
695 1 0 2 3 0 0 1 2 3 1
696 3 0 1 2 0 2 0 2 0 0
697 1 1 1 1 3 0 0 1 1 0
698 0 2 0 2 2 0 0 1 0 0
699 1 0 2 1 1 0 4 2 0 0
700 2 2 0 1 0 1 2 3 2 0
701 1 2 0 0 0 1 2 0 1 0
702 0 0 2 0 0 3 1 2 1 2
703 2 1 0 1 1 1 0 1 1 0
704 0 0 2 1 1 2 2 0 0 1
705 2 2 1 0 1 1 0 1 2 0
706 2 0 1 1 1 0 0 0 0 1
707 3 1 1 1 1 0 1 4 2 1
708 0 2 2 0 0 1 2 1 1 0
709 2 2 1 0 0 2 0 1 0 2
710 0 2 2 1 1 1 1 0 2 0
711 1 0 2 0 2 1 4 2 0 0
712 1 1 0 2 3 0 0 1 1 0
713 1 1 0 0 1 1 0 0 0 3
714 2 1 1 1 0 1 1 2 2 0
715 0 0 0 0 0 2 0 1 0 1
716 3 1 0 1 1 1 1 1 1 1
717 0 2 1 1 0 1 1 0 1 0
718 3 1 0 1 1 1 1 0 1 1
719 0 4 2 0 1 0 2 1 1 1
720 0 0 1 1 2 4 1 1 0 2
721 2 2 0 2 1 1 0 1 0 0
722 1 1 0 1 1 1 0 2 0 1
723 0 0 1 0 0 2 0 4 0 2
724 2 2 0 4 0 0 1 1 1 0
725 0 1 1 0 0 2 1 0 0 0
726 1 2 0 0 2 1 1 1 0 2
727 0 0 0 1 0 1 0 0 1 1
728 0 2 1 2 2 1 0 0 0 0
729 2 1 0 2 1 1 0 0 2 0
730 3 2 0 2 3 0 0 0 0 2
731 4 1 3 0 2 1 1 0 2 0
732 2 2 2 2 0 1 2 2 2 1
733 2 2 2 1 0 1 2 0 1 0
734 1 1 0 1 0 1 1 1 1 1
735 2 2 2 0 1 2 0 0 1 1
736 1 2 0 2 0 0 2 2 0 3
737 1 2 2 0 1 0 1 0 1 1
738 1 1 0 0 3 1 1 2 0 2
739 0 2 2 0 1 0 2 1 2 0
740 0 1 0 1 1 0 3 0 4 0
741 3 2 0 1 0 0 0 1 0 0
742 0 0 2 4 2 1 2 1 1 0
743 1 0 0 1 0 1 1 0 0 0
744 2 2 0 1 0 2 0 1 2 1
745 2 1 2 1 0 1 1 1 0 1
746 0 1 0 2 0 1 0 0 2 1
747 2 1 0 0 2 3 1 0 2 1
748 2 2 1 3 1 0 1 0 1 2
749 0 2 2 1 1 1 0 2 0 0
750 1 1 0 2 0 0 0 2 0 0
751 2 0 3 0 0 2 1 0 2 0
752 1 2 2 1 2 2 0 2 0 2
753 3 0 0 0 2 1 1 0 2 1
754 1 1 4 1 0 1 1 1 0 1
755 2 0 0 0 1 2 1 0 0 1
756 3 1 2 3 0 1 1 3 1 0
757 0 2 1 1 0 2 1 2 1 0
758 3 0 2 0 0 0 1 2 2 0
759 1 1 0 2 0 1 1 0 0 1
760 0 2 0 1 0 1 2 0 1 2
761 0 0 0 0 1 0 2 1 2 0
762 0 1 0 3 2 2 1 4 3 4
763 0 1 2 0 1 1 0 1 1 1
764 3 0 1 1 0 0 0 2 0 3
765 2 0 1 0 1 1 0 1 1 0
766 0 2 1 1 0 0 1 2 0 4
767 2 1 0 1 1 1 2 0 2 1
768 1 1 1 1 0 2 1 1 1 1
769 2 4 1 0 0 1 0 0 0 2
770 2 1 1 2 2 3 2 1 0 4
771 1 1 1 1 1 2 0 1 2 0
772 2 1 0 1 1 0 1 1 0 0
773 1 1 1 0 2 1 1 0 0 1
774 2 3 2 0 2 0 2 1 0 2
775 1 1 0 0 0 2 2 0 1 0
776 0 2 2 1 2 0 1 1 0 1
777 2 1 1 0 1 1 0 1 1 0
778 2 2 1 2 0 0 2 2 0 0
779 1 2 0 1 2 0 1 2 2 2
780 1 0 0 0 1 0 4 0 1 2
781 1 1 0 1 0 2 1 0 0 2
782 2 0 0 1 1 0 1 1 0 1
783 1 2 1 2 0 3 1 1 2 0
784 0 2 1 0 2 2 0 1 1 0
785 1 2 1 0 2 1 0 0 2 0
786 1 0 0 1 4 0 0 0 2 0
787 0 3 1 0 1 2 1 1 1 1
788 2 4 1 2 3 1 0 2 0 0
789 0 1 2 1 2 1 0 1 1 2
790 0 2 1 1 1 1 0 1 1 0
791 3 2 0 0 1 1 0 3 2 0
792 2 1 0 2 1 2 1 3 1 2
793 1 0 0 0 2 0 2 1 2 0
794 1 2 0 1 1 0 1 0 1 2
795 1 2 1 2 2 1 1 1 1 1
796 2 1 2 1 0 1 0 0 2 0
797 2 1 2 0 3 0 2 1 0 1
798 2 0 0 2 1 2 0 0 0 2
799 1 1 4 0 2 2 3 0 2 1
800 0 2 4 4 2 1 0 1 4 2
801 0 0 2 0 2 4 1 2 1 0
802 0 1 4 0 0 3 2 2 0 1
803 2 1 2 0 0 1 2 1 2 4
804 0 0 1 1 0 0 1 0 3 0
805 2 1 0 4 1 2 2 1 1 1
806 2 2 0 0 0 0 0 1 1 1
807 1 2 1 0 2 0 2 0 0 0
808 1 1 2 1 0 2 0 0 0 0
809 0 2 2 1 1 0 0 0 0 2
810 0 1 3 2 1 1 3 0 0 0
811 1 0 0 3 1 0 0 0 0 0
812 0 2 2 1 0 3 1 2 0 0
813 1 0 4 1 2 0 1 1 0 2
814 2 2 1 0 2 4 1 2 0 0
815 1 2 2 2 1 1 2 0 2 0
816 0 1 2 1 0 0 1 1 0 0
817 0 1 0 1 1 1 1 0 1 2
818 2 0 3 0 0 1 1 1 2 0
819 0 2 1 3 2 1 0 1 0 1
820 2 1 2 0 2 1 2 0 1 0
821 2 2 0 0 0 2 2 1 0 0
822 1 0 1 1 1 3 0 0 1 0
823 1 1 1 2 0 0 2 1 2 1
824 2 1 2 2 0 1 0 1 2 0
825 1 0 2 1 0 0 1 2 1 2
826 3 0 2 2 1 2 0 1 0 1
827 1 1 0 2 2 1 1 2 0 0
828 2 1 1 1 1 0 0 0 0 1
829 0 1 0 0 0 1 3 0 2 2
830 0 1 2 2 0 1 1 1 0 1
831 1 2 0 1 0 1 1 2 0 2
832 1 0 1 2 0 1 0 0 1 0
833 2 1 0 1 1 3 0 0 2 0
834 3 1 0 0 2 2 0 0 0 0
835 1 0 1 2 0 2 1 0 1 1
836 0 0 0 3 0 0 1 1 1 0
837 0 2 1 2 1 0 1 0 2 0
838 1 0 2 2 2 1 0 1 0 1
839 0 3 1 0 2 0 3 1 1 0
840 0 2 1 0 2 1 0 1 0 0
841 1 0 1 3 1 2 2 2 2 1
842 1 3 1 1 1 0 1 1 4 0
843 1 1 2 0 2 0 2 1 1 0
844 2 0 1 1 0 2 0 0 2 1
845 1 0 0 1 0 1 1 0 2 2
846 1 1 2 1 0 1 2 1 1 1
847 1 2 1 2 0 0 1 1 1 3
848 2 0 1 2 2 2 1 2 0 0
849 1 2 0 2 0 1 1 0 1 0
850 1 2 1 1 1 4 0 1 1 3
851 0 1 1 1 1 2 1 2 1 1
852 0 2 1 0 3 0 1 2 0 0
853 0 1 2 0 0 0 0 1 1 2
854 1 0 1 1 0 0 1 0 1 1
855 0 2 1 1 1 2 1 0 2 0
856 0 0 2 1 1 2 0 2 4 0
857 0 1 1 1 0 0 0 1 4 1
858 2 1 1 2 0 1 1 2 1 1
859 1 1 0 2 2 1 0 1 2 1
860 2 1 0 0 1 0 2 0 1 1
861 2 2 1 0 0 1 1 2 1 2
862 0 1 0 1 0 1 2 0 2 0
863 1 1 1 1 0 3 0 0 2 0
864 1 3 1 2 2 2 0 0 2 0
865 0 2 1 0 0 2 0 0 1 0
866 2 1 1 0 1 0 3 0 0 0
867 0 4 1 1 0 0 0 0 1 1
868 3 0 1 1 3 1 2 2 0 1
869 1 2 0 0 0 1 1 2 0 1
870 0 0 2 2 0 1 0 2 0 0
871 1 3 1 2 1 4 1 0 3 1
872 2 2 2 1 0 1 0 1 0 2
873 1 1 0 0 1 2 2 1 0 1
874 0 2 1 1 2 2 0 1 0 1
875 0 1 2 0 0 0 4 1 0 1
876 0 1 2 0 1 1 1 0 1 2
877 1 0 2 1 0 1 1 0 1 2
878 1 2 1 0 2 0 0 1 2 0
879 1 3 2 1 0 0 0 2 0 0
880 0 0 2 0 1 2 4 1 1 0
881 1 0 2 2 2 3 0 0 0 1
882 1 2 0 4 1 0 0 1 0 0
883 1 0 0 0 0 0 1 0 0 1
884 0 1 1 0 0 2 0 0 3 0
885 1 1 0 1 1 1 0 1 0 2
886 3 2 3 1 1 2 1 0 2 0
887 0 1 0 1 2 1 2 1 0 1
888 2 1 1 2 2 0 1 0 0 0
889 2 0 1 2 1 1 1 0 0 1
890 3 0 1 2 0 1 1 2 0 0
891 1 2 3 2 2 0 0 2 1 1
892 2 0 0 0 0 1 4 0 0 1
893 2 0 1 2 1 2 0 1 0 0
894 0 0 1 1 0 0 0 1 1 1
895 3 0 1 2 0 1 0 0 2 2
896 0 0 0 0 1 1 1 1 0 2
897 1 1 0 2 2 0 0 0 0 1
898 2 2 1 0 1 2 1 0 4 1
899 0 0 1 0 2 1 2 0 0 0
900 1 0 3 0 0 1 2 2 2 0
901 3 0 0 1 0 1 1 2 0 1
902 2 0 1 2 0 1 1 0 1 1
903 2 0 0 0 2 2 0 1 0 1
904 0 2 0 2 3 1 3 2 1 1
905 1 4 2 0 2 3 1 1 1 2
906 0 1 2 0 1 2 0 0 0 1
907 3 1 2 1 0 0 0 0 1 2
908 0 0 0 1 1 1 2 2 1 1
909 1 2 0 2 0 1 0 1 2 2
910 1 0 0 0 1 3 2 0 0 2
911 2 1 1 2 2 1 1 2 0 1
912 0 1 2 2 0 2 1 0 1 0
913 1 2 3 0 2 0 0 0 2 2
914 0 1 1 0 1 1 0 0 1 0
915 1 0 2 1 2 0 1 2 1 2
916 3 3 0 0 1 1 1 1 1 1
917 1 1 0 3 1 0 1 1 3 2
918 2 2 1 0 2 3 0 0 0 2
919 2 0 2 0 1 1 0 4 0 1
920 1 2 1 3 1 1 0 2 1 1
921 2 1 1 1 0 1 0 0 1 0
922 2 2 2 0 1 1 0 0 1 0
923 1 2 2 2 0 3 4 2 1 0
924 1 0 1 1 0 0 1 0 2 0
925 1 3 1 0 1 1 0 0 1 1
926 1 1 0 0 0 1 1 1 1 1
927 2 0 0 1 0 3 2 3 0 1
928 0 2 2 0 2 0 0 0 2 0
929 1 2 1 1 2 0 0 2 0 2
930 2 0 1 2 3 0 0 0 2 2
931 1 1 2 1 1 0 0 0 2 0
932 1 1 1 2 0 1 2 2 0 1
933 2 0 3 0 3 1 0 0 0 1
934 0 0 0 4 0 1 0 1 1 0
935 2 2 0 1 0 2 0 0 1 0
936 3 0 0 2 0 1 2 4 0 2
937 0 2 2 3 1 0 0 0 0 1
938 2 2 1 2 2 0 2 1 0 1
939 1 0 0 0 1 1 1 0 2 0
940 1 1 1 1 0 0 0 0 2 1
941 0 0 0 1 2 0 0 1 0 0
942 3 1 0 0 0 1 1 2 2 1
943 3 2 0 0 2 1 1 2 1 0
944 2 0 0 0 1 0 1 2 1 0
945 3 0 0 1 2 2 1 1 0 1
946 0 0 2 1 1 1 2 0 0 0
947 3 0 1 1 2 4 3 0 2 2
948 2 2 1 0 1 1 2 2 1 2
949 1 0 4 0 0 0 1 1 1 2
950 0 2 0 0 2 4 0 0 0 2
951 0 1 0 2 1 0 1 1 2 0
952 0 2 0 0 1 2 0 0 0 0
953 2 2 2 0 1 0 2 0 1 2
954 1 1 2 1 2 0 0 1 1 2
955 1 0 4 2 1 1 0 1 3 1
956 0 0 2 4 2 1 0 1 0 2
957 0 0 1 0 0 2 0 1 0 0
958 2 0 0 1 0 1 1 1 1 0
959 2 2 3 0 2 1 3 1 0 2
960 0 2 2 0 0 0 2 1 0 1
961 1 1 0 1 0 2 1 1 2 2
962 0 2 0 0 2 1 0 1 0 3
963 1 0 2 2 0 2 2 2 1 3
964 1 2 2 1 1 0 2 0 2 2
965 0 1 3 2 0 2 0 0 1 0
966 2 0 0 1 0 1 0 0 0 1
967 0 1 1 0 0 2 1 0 0 1
968 0 2 0 4 0 2 0 1 0 0
969 0 1 0 0 0 0 0 1 0 1
970 1 0 1 2 1 2 1 2 3 0
971 0 0 1 1 1 3 0 0 0 0
972 2 0 0 0 2 1 1 1 1 1
973 1 0 0 1 2 0 1 1 0 2
974 1 1 0 1 0 1 1 0 2 2
975 1 0 0 3 1 2 1 0 2 2
976 1 1 1 0 0 0 0 0 0 0
977 0 2 1 0 1 2 1 1 2 1
978 1 0 1 0 4 0 1 0 2 2
979 1 1 1 2 2 0 1 1 2 0
980 1 1 0 1 1 1 1 0 1 1
981 1 1 0 0 1 1 2 2 2 1
982 1 3 2 1 1 1 0 0 0 1
983 2 0 1 2 0 0 1 0 0 1
984 0 1 2 2 1 1 0 1 1 0
985 3 1 1 2 1 0 4 2 0 1
986 2 2 0 2 0 2 0 2 0 2
987 0 0 0 1 1 0 0 1 1 1
988 0 0 2 0 1 0 0 0 2 0
989 0 3 2 0 2 0 1 0 2 1
990 1 0 1 1 0 1 0 0 0 0
991 2 1 2 0 0 0 2 1 1 1
992 2 1 1 0 0 1 2 0 0 2
993 2 0 1 1 1 1 2 1 0 0
994 3 2 2 2 1 1 0 1 0 1
995 1 2 2 0 1 2 1 1 2 0
996 2 1 1 1 1 2 2 2 0 0
997 1 0 0 0 0 0 0 1 0 3
998 0 2 3 0 2 0 0 0 1 0
999 1 1 1 1 2 1 2 2 1 1
1000 0 2 0 0 1 0 0 1 1 2
1001 1 2 0 0 2 1 0 0 0 0
1002 1 2 0 1 0 1 0 0 1 1
1003 0 0 0 1 1 0 1 3 0 0
1004 1 1 2 2 1 2 1 0 0 0
1005 1 2 1 2 1 0 2 0 0 0
1006 0 0 0 1 1 0 0 0 1 0
1007 2 0 0 0 1 1 0 0 1 1
1008 0 0 2 0 0 1 0 0 3 1
1009 3 1 0 1 1 0 0 1 0 1
1010 0 1 2 2 1 1 1 0 1 0
1011 0 2 2 0 2 1 0 2 1 0
1012 1 4 3 0 1 0 0 0 1 2
1013 1 0 2 0 0 0 0 0 1 1
1014 3 2 0 1 1 0 2 2 0 1
1015 0 1 0 1 1 0 0 1 0 3
1016 0 2 3 0 1 1 2 2 1 2
1017 2 2 1 2 0 1 1 0 4 1
1018 0 1 0 0 2 1 0 0 0 3
1019 2 1 1 1 0 2 2 1 1 1
1020 4 0 1 2 0 2 0 0 0 1
1021 0 0 2 1 2 0 1 0 2 0
1022 1 0 0 0 1 2 0 2 3 1
1023 1 1 1 2 1 0 1 0 0 1
1024 2 1 2 2 0 2 2 1 0 0
1025 1 0 2 1 0 1 0 0 2 1
1026 1 1 0 0 0 2 0 0 0 0
1027 1 0 1 1 4 1 2 0 0 0
1028 2 1 0 0 2 0 2 1 1 0
1029 0 2 2 1 1 0 0 1 2 0
1030 0 1 1 0 4 2 1 0 0 0
1031 2 1 1 1 1 0 0 0 2 1
1032 0 1 2 2 0 0 0 2 1 1
1033 1 4 0 0 1 2 0 0 2 0
1034 2 2 0 3 2 0 1 1 2 1
1035 2 1 1 2 1 2 0 0 2 0
1036 0 0 1 0 1 0 1 1 0 0
1037 2 2 0 0 0 1 0 0 1 1
1038 1 2 0 0 1 1 1 1 0 0
1039 0 2 3 0 4 0 1 0 1 1
1040 1 2 2 1 0 1 2 0 0 1
1041 0 0 2 1 2 0 2 0 2 0
1042 1 0 1 1 1 1 0 2 1 4
1043 2 1 1 0 0 1 1 1 1 1
1044 1 0 0 1 2 2 0 1 1 1
1045 0 2 2 0 2 0 1 2 1 0
1046 2 2 1 0 0 2 0 1 1 2
1047 1 1 0 0 2 1 0 0 3 0
1048 0 0 1 1 2 0 1 2 2 0
1049 2 0 0 2 2 0 4 0 0 0
1050 1 2 1 1 0 0 0 1 1 0
1051 0 0 1 2 0 0 1 0 2 0
1052 2 2 2 0 0 1 1 0 1 0
1053 1 0 0 0 2 2 0 1 0 2
1054 1 0 0 3 1 0 0 1 1 0
1055 0 0 1 2 1 0 0 1 2 0
1056 0 1 2 1 0 0 0 0 0 1
1057 0 2 2 0 0 0 1 0 1 0
1058 1 2 2 2 1 0 0 1 1 1
1059 0 0 0 0 1 1 0 1 0 1
1060 1 0 1 2 1 1 1 0 1 0
1061 1 2 1 1 1 1 1 2 1 2
1062 1 0 1 0 2 2 2 0 0 2
1063 2 0 2 0 1 1 2 1 1 1
1064 1 2 0 4 1 0 1 1 0 2
1065 2 0 1 0 0 0 0 2 0 0
1066 2 0 0 0 2 0 1 2 0 2
1067 2 0 1 0 1 0 0 2 0 1
1068 0 0 1 0 2 2 2 2 1 1
1069 1 1 1 1 1 2 2 1 0 1
1070 0 1 0 1 0 0 0 2 1 1
1071 0 0 0 0 0 0 0 3 0 0
1072 2 2 1 1 2 1 0 0 1 1
1073 2 2 0 0 1 2 4 2 1 0
1074 3 1 1 0 0 2 2 2 1 1
1075 0 0 0 1 2 1 0 0 1 0
1076 3 0 0 1 2 4 1 0 1 0
1077 0 1 0 0 2 2 0 0 0 0
1078 1 1 1 1 0 0 1 1 0 0
1079 2 1 1 2 1 0 2 2 0 2
1080 0 0 0 1 1 1 1 1 1 1
1081 0 3 1 0 0 3 2 0 1 2
1082 1 0 0 2 0 1 1 0 2 0
1083 2 1 3 0 0 0 1 0 0 1
1084 2 1 0 0 0 2 1 1 1 0
1085 3 1 0 1 2 0 2 0 2 2
1086 1 0 0 1 4 4 1 0 0 3
1087 1 1 1 2 0 2 2 2 1 0
1088 2 3 2 2 1 2 0 0 2 0
1089 1 2 1 2 2 0 2 1 1 0
1090 2 1 1 1 0 1 1 0 0 0
1091 2 0 0 1 1 2 2 0 2 1
1092 0 2 2 2 2 0 0 0 1 0
1093 2 0 2 1 2 2 1 0 0 0
1094 1 0 1 1 3 1 1 2 2 2
1095 2 3 2 1 1 0 0 0 1 1
1096 4 1 2 2 1 2 0 0 2 0
1097 2 2 2 1 4 2 2 1 1 0
1098 0 1 0 0 0 0 1 1 0 0
1099 0 2 0 0 1 2 0 0 0 1
1100 2 2 1 1 0 4 0 1 2 1
1101 2 0 2 2 1 2 1 0 0 1
1102 1 1 1 1 1 1 0 1 1 1
1103 0 0 0 1 2 0 0 2 0 1
1104 2 1 1 1 1 1 1 1 2 0
1105 2 1 3 0 0 0 0 1 2 2
1106 1 0 1 0 1 2 2 0 1 0
1107 0 0 1 3 1 0 0 0 2 1
1108 0 4 2 2 0 0 2 0 2 1
1109 0 0 0 2 2 1 1 2 0 0
1110 1 1 0 2 1 2 0 0 0 0
1111 0 3 0 0 2 0 2 0 2 2
1112 2 4 1 1 0 1 0 0 0 2
1113 0 0 2 2 2 1 0 0 1 1
1114 3 2 0 2 2 2 0 0 1 0
1115 2 1 1 1 2 2 1 0 2 2
1116 1 2 0 0 1 0 1 0 1 0
1117 1 1 0 1 0 0 0 0 1 1
1118 2 2 0 0 2 0 0 0 0 0
1119 0 2 1 0 2 1 0 0 0 1
1120 0 0 1 2 0 0 1 1 2 2
1121 4 0 1 0 0 1 0 1 2 0
1122 2 0 1 0 1 2 0 2 1 0
1123 4 0 1 4 2 1 1 0 2 1
1124 1 0 0 1 1 4 2 2 0 0
1125 3 0 0 1 0 3 1 0 0 1
1126 1 1 1 2 0 0 0 2 1 1
1127 2 2 2 0 2 0 1 0 0 1
1128 0 1 1 0 1 0 0 0 1 0
1129 2 0 1 0 0 2 1 1 1 1
1130 0 0 0 3 1 0 1 1 1 0
1131 2 1 1 2 2 1 1 0 1 2
1132 0 0 2 0 1 0 0 1 2 0
1133 3 1 0 2 1 1 0 0 3 1
1134 1 0 3 0 0 0 1 0 0 1
1135 0 1 0 0 1 0 0 0 0 1
1136 0 0 2 0 0 0 0 0 0 0
1137 1 0 2 1 0 1 0 0 0 0
1138 0 0 1 0 1 0 0 1 0 0
1139 3 1 0 2 2 0 1 2 2 0
1140 0 1 1 0 4 1 1 0 1 0
1141 0 1 1 3 0 2 1 2 2 0
1142 1 0 1 1 1 1 0 2 1 2
1143 0 1 0 3 4 0 1 2 0 1
1144 0 2 1 1 1 2 1 0 2 2
1145 2 2 0 0 2 0 1 1 0 2
1146 2 2 0 2 0 1 0 0 2 1
1147 1 1 2 2 1 2 0 2 2 1
1148 0 1 1 0 2 2 2 0 0 1
1149 2 1 0 0 0 4 0 2 2 0
