0 2 2 1 1 1 0 3 0 0 1
1 0 1 1 1 0 1 0 1 0 0
2 0 1 2 2 1 1 1 2 0 1
3 0 1 0 0 3 0 1 0 1 0
4 0 1 1 1 0 2 2 2 3 1
5 2 1 2 0 2 1 1 0 0 1
6 0 0 3 2 0 2 2 0 2 0
7 1 2 1 0 0 1 1 1 0 2
8 1 1 1 2 0 0 1 0 2 1
9 0 1 2 0 1 0 1 1 0 1
10 0 1 0 0 1 4 1 2 1 0
11 2 3 1 1 1 1 0 3 0 0
12 0 0 2 4 1 1 0 0 0 2
13 2 0 2 2 0 0 2 3 1 0
14 0 0 1 0 1 0 0 2 0 1
15 0 0 3 0 0 0 1 0 1 0
16 1 0 0 2 0 2 0 0 1 1
17 2 1 1 2 0 0 2 1 1 1
18 1 1 2 1 0 3 0 1 0 0
19 2 1 0 1 2 2 0 2 1 0
20 2 1 1 3 1 3 2 0 1 1
21 0 0 1 2 0 1 0 2 1 0
22 1 0 1 0 1 0 1 0 1 3
23 0 0 2 3 2 0 3 1 1 0
24 2 0 1 1 0 1 2 1 0 0
25 1 0 1 0 0 1 0 2 0 0
26 1 1 0 1 3 4 0 1 0 1
27 0 0 1 2 0 0 0 1 1 2
28 0 1 0 2 1 1 1 1 2 0
29 4 1 1 1 1 0 3 1 1 0
30 0 3 0 2 1 0 0 2 0 0
31 0 3 3 2 0 1 0 1 3 0
32 2 0 3 1 2 0 0 1 0 0
33 2 1 2 2 2 1 1 1 1 0
34 0 1 1 3 0 1 1 0 2 2
35 0 2 2 1 0 1 0 1 1 1
36 0 1 1 2 2 1 1 0 0 0
37 1 0 0 1 0 1 0 0 0 0
38 1 1 0 1 1 1 2 2 0 2
39 0 1 0 2 1 2 2 1 1 1
40 1 1 1 2 1 3 0 1 1 1
41 0 0 3 1 0 0 1 0 0 2
42 0 0 0 0 0 0 0 2 0 0
43 0 1 1 1 0 2 0 1 3 0
44 2 0 0 0 1 1 1 0 1 0
45 1 0 0 0 0 1 0 0 1 2
46 2 0 1 1 0 1 1 1 0 0
47 1 1 2 1 2 0 0 0 0 0
48 1 1 1 1 0 1 2 2 1 2
49 0 2 1 0 1 1 1 1 2 0
50 1 0 2 0 0 0 0 0 0 1
51 3 0 2 1 1 0 2 1 0 1
52 0 1 1 2 0 1 0 1 0 0
53 0 1 0 2 0 0 2 0 1 2
54 0 1 1 1 0 0 4 0 4 0
55 0 0 1 0 2 0 1 3 2 0
56 2 0 1 0 0 1 0 1 1 1
57 1 0 0 2 1 1 0 0 0 1
58 0 0 1 1 1 1 0 0 1 1
59 0 1 1 3 1 0 0 1 0 0
60 0 1 0 1 0 1 0 1 0 0
61 1 1 4 0 1 1 0 1 0 1
62 1 0 2 0 0 0 0 1 1 0
63 2 1 1 0 0 0 0 1 0 1
64 3 2 2 1 2 4 0 0 1 2
65 0 1 1 0 2 0 1 2 1 1
66 0 1 0 2 0 2 1 1 0 1
67 2 1 1 2 1 0 0 0 0 1
68 1 1 1 0 1 2 3 1 1 0
69 2 2 4 1 0 1 1 1 1 1
70 0 1 1 2 2 1 2 1 0 0
71 0 0 3 0 2 1 0 0 1 1
72 1 0 2 0 0 1 2 1 0 2
73 2 2 2 1 2 0 1 2 2 1
74 0 1 3 2 2 1 1 0 2 0
75 1 2 0 0 2 1 0 2 1 2
76 2 1 0 0 0 1 1 1 0 1
77 2 2 2 4 1 1 2 1 2 0
78 1 0 0 0 1 0 1 0 0 2
79 1 2 4 1 0 0 2 0 1 0
80 0 1 0 0 0 2 0 3 1 1
81 1 1 2 1 0 2 2 1 0 0
82 2 4 1 1 0 0 2 0 2 1
83 1 3 1 0 0 0 1 0 2 1
84 3 1 0 2 2 2 1 1 2 0
85 1 1 2 1 1 1 2 1 0 2
86 2 2 2 1 1 1 1 0 0 2
87 1 2 3 1 1 0 3 2 2 0
88 1 1 0 2 1 1 1 1 2 1
89 0 1 2 0 2 1 2 0 0 1
90 0 1 0 1 1 0 1 2 0 0
91 1 3 2 2 0 2 0 1 1 1
92 1 0 4 1 0 0 0 0 0 0
93 1 2 2 0 1 1 0 1 2 1
94 0 1 2 0 1 2 0 2 2 0
95 2 1 1 1 0 1 2 3 3 0
96 0 1 0 1 2 2 0 0 0 0
97 1 0 0 2 2 0 1 2 0 1
98 2 1 0 0 1 0 2 0 0 4
99 2 1 0 1 1 1 2 1 0 1
100 0 1 1 3 1 0 2 0 2 0
101 2 0 1 1 1 0 1 2 1 0
102 2 1 2 1 2 0 0 0 2 1
103 0 3 1 3 1 2 0 0 0 3
104 2 0 4 2 1 0 0 2 2 0
105 3 0 1 1 2 0 1 1 2 1
106 3 1 2 3 1 1 0 2 0 2
107 0 0 2 3 0 0 2 1 0 2
108 0 2 0 1 2 2 0 1 1 2
109 3 0 2 0 0 1 3 1 1 2
110 0 2 1 1 0 0 0 0 1 0
111 1 1 0 1 0 2 0 2 0 1
112 2 1 1 0 0 0 1 2 2 1
113 2 1 1 1 0 0 1 1 2 1
114 0 2 0 1 4 1 0 0 1 0
115 0 2 0 2 0 1 0 0 0 1
116 1 0 2 0 0 1 1 0 1 0
117 0 0 1 2 2 0 2 0 1 1
118 0 1 1 0 2 0 1 1 0 2
119 1 0 0 1 1 1 1 1 0 0
120 2 2 0 1 0 1 1 1 0 1
121 0 1 1 2 1 0 2 1 2 1
122 0 0 0 0 1 2 1 0 0 1
123 1 1 1 2 4 0 2 1 0 1
124 1 1 1 1 1 0 0 0 1 2
125 0 1 0 0 0 2 2 1 0 0
126 2 1 3 1 1 0 0 1 0 1
127 1 1 1 2 2 0 1 2 0 0
128 3 1 0 1 2 2 1 0 1 2
129 1 2 1 1 1 0 1 0 1 1
130 0 0 2 0 1 0 0 0 1 0
131 1 0 0 0 2 1 2 0 0 1
132 2 1 1 2 2 2 1 1 1 1
133 3 1 0 0 0 0 0 0 0 1
134 1 0 0 1 0 1 0 2 2 0
135 2 1 0 2 1 2 1 2 3 0
136 1 2 0 0 2 0 1 1 0 1
137 0 0 0 1 0 1 1 1 0 1
138 1 0 1 2 2 1 1 2 1 1
139 0 1 0 0 0 0 1 0 0 1
140 2 1 2 0 0 0 2 2 0 0
141 1 0 2 2 1 2 1 0 0 0
142 2 4 0 0 1 2 1 1 0 0
143 2 1 3 2 1 0 0 0 1 2
144 2 1 0 0 0 2 0 0 0 4
145 0 1 1 0 0 1 2 3 0 0
146 2 2 4 0 0 1 2 1 0 1
147 2 2 1 0 1 1 2 2 2 2
148 1 1 2 0 0 0 0 0 0 1
149 2 0 1 0 2 0 2 2 1 0
150 2 1 2 1 1 1 0 3 1 1
151 1 0 1 0 0 1 0 0 0 0
152 0 0 0 1 0 0 1 1 0 1
153 3 0 0 0 0 0 0 1 0 0
154 1 0 2 1 1 0 1 1 1 0
155 0 0 2 1 0 1 0 1 0 1
156 1 1 3 0 0 2 0 1 0 0
157 2 2 2 0 1 0 1 1 1 0
158 0 2 0 0 0 1 2 1 2 0
159 2 0 4 0 1 2 0 0 0 4
160 1 1 1 2 2 2 2 0 3 2
161 0 1 0 1 0 2 2 0 0 1
162 3 0 1 3 0 2 1 2 2 2
163 2 1 0 0 2 0 0 0 2 1
164 1 2 1 0 2 1 0 2 0 0
165 1 0 2 1 1 2 0 0 1 2
166 2 1 2 2 2 1 2 1 1 0
167 0 2 1 2 2 1 1 0 0 2
168 2 3 0 1 0 1 2 0 2 3
169 1 1 1 0 1 3 1 1 0 4
170 2 1 1 0 0 1 1 1 0 3
171 1 2 0 0 0 0 1 0 2 0
172 0 1 4 1 0 2 0 0 0 0
173 0 0 0 0 0 0 0 2 1 0
174 0 0 2 0 0 2 1 0 0 2
175 2 1 2 1 1 0 1 1 1 2
176 0 1 2 2 1 1 0 1 1 1
177 2 1 2 0 0 2 0 1 0 2
178 2 0 0 2 0 2 2 1 0 1
179 1 0 1 1 1 0 0 0 1 3
180 1 3 4 2 1 1 0 0 1 3
181 2 1 1 0 1 1 0 0 0 1
182 1 0 2 0 2 3 2 1 0 2
183 2 1 0 1 1 1 0 1 1 0
184 2 0 1 0 0 1 0 1 1 1
185 1 2 1 2 2 1 1 0 0 0
186 1 0 0 1 1 0 2 2 0 0
187 1 3 1 1 1 1 0 0 0 1
188 0 2 2 2 1 4 1 1 2 1
189 1 2 1 0 2 1 1 1 1 0
190 1 1 0 0 0 1 0 0 0 1
191 0 0 1 1 2 1 2 0 1 3
192 1 2 1 1 1 0 0 1 0 1
193 0 3 0 0 0 1 1 3 2 0
194 3 2 1 1 1 2 2 4 2 1
195 1 2 1 0 1 1 3 0 0 0
196 2 1 0 2 1 0 2 0 0 2
197 1 2 3 1 0 0 1 3 0 1
198 0 0 0 1 1 1 2 1 1 1
199 2 0 1 0 1 1 1 0 1 1
200 1 2 0 1 1 1 1 0 2 0
201 0 0 1 0 0 0 1 1 0 0
202 1 1 2 1 2 0 0 1 1 0
203 0 1 1 2 0 1 0 1 4 2
204 1 2 2 1 2 0 1 0 1 1
205 0 1 1 1 2 0 1 0 2 1
206 2 0 2 0 2 1 0 1 3 4
207 0 2 2 2 2 0 2 0 1 1
208 0 1 1 0 2 0 0 1 0 0
209 1 0 2 0 2 1 1 1 0 0
210 2 1 0 0 0 1 0 0 2 1
211 2 1 1 0 0 0 2 0 0 2
212 0 1 0 2 0 0 1 1 3 2
213 2 0 1 2 0 1 1 1 1 1
214 0 1 0 0 2 0 1 0 1 0
215 0 1 1 1 1 0 1 1 3 2
216 3 0 0 2 1 0 1 1 1 1
217 2 0 0 1 1 0 0 0 0 1
218 3 0 1 1 1 2 0 2 0 0
219 2 2 0 2 2 1 0 1 1 0
220 2 0 4 2 1 0 0 1 0 1
221 2 0 0 0 0 1 0 1 1 2
222 2 0 0 2 1 0 1 2 1 1
223 0 1 0 1 2 2 1 0 1 1
224 2 0 1 1 4 1 1 0 0 0
225 1 0 3 1 0 2 1 0 2 1
226 2 0 0 0 1 1 0 0 3 2
227 1 0 0 1 2 1 1 0 2 1
228 2 0 2 1 1 0 0 1 1 0
229 0 1 0 0 0 2 2 0 0 0
230 2 0 1 1 0 1 1 0 0 0
231 2 1 2 1 1 1 2 2 0 1
232 1 1 0 4 0 2 0 4 2 0
233 2 1 1 0 2 0 2 0 2 0
234 0 0 1 2 0 0 0 2 0 2
235 0 1 0 2 1 0 2 0 1 3
236 0 0 0 1 1 2 0 1 0 0
237 0 2 1 0 2 0 1 0 1 2
238 3 1 0 0 0 2 2 0 0 1
239 0 1 1 1 1 3 0 2 0 1
240 0 0 1 0 1 1 0 0 0 0
241 2 0 1 0 2 0 0 1 1 2
242 1 2 0 2 1 1 0 1 0 1
243 1 1 0 0 0 1 2 3 2 1
244 2 0 1 4 0 0 1 0 0 1
245 2 2 0 2 0 1 0 1 1 0
246 0 2 1 0 1 0 1 0 1 0
247 1 3 2 0 0 1 2 1 0 1
248 2 1 2 0 1 2 0 2 1 1
249 0 1 0 0 2 1 1 1 1 1
250 0 0 0 0 0 1 1 1 3 1
251 1 0 2 0 1 1 1 2 2 1
252 0 1 1 2 2 1 1 0 0 0
253 1 1 2 2 0 0 0 0 2 0
254 1 0 0 1 0 1 3 1 1 0
255 1 0 1 0 1 0 0 1 1 1
256 2 0 1 0 0 1 2 2 2 3
257 2 1 0 2 0 1 0 2 1 1
258 0 0 1 0 1 0 2 1 2 1
259 1 1 2 0 2 2 0 1 2 0
260 0 0 2 0 1 1 0 1 1 2
261 2 0 0 1 2 1 1 2 1 0
262 2 2 0 0 0 0 0 0 0 1
263 1 1 2 3 1 1 0 2 0 1
264 0 1 0 0 0 2 1 0 3 0
265 3 0 3 1 2 1 2 2 1 2
266 0 0 2 0 0 1 1 0 1 0
267 1 1 2 2 0 2 0 0 0 1
268 1 2 0 0 0 1 0 3 3 0
269 2 0 2 0 2 2 0 1 0 1
270 0 1 0 2 2 0 1 1 2 1
271 1 0 0 1 2 1 0 1 0 1
272 2 1 0 0 2 2 0 1 0 0
273 0 2 1 3 1 0 2 1 1 2
274 0 0 0 1 2 1 0 2 0 3
275 0 0 0 2 0 0 1 0 0 0
276 2 0 2 1 0 1 0 2 3 2
277 0 1 0 0 0 0 2 2 0 1
278 0 2 2 2 0 1 1 0 0 0
279 1 1 0 0 2 2 0 0 1 0
280 2 0 1 0 1 1 1 0 0 0
281 1 1 4 2 2 0 0 1 1 0
282 2 0 1 1 0 1 4 0 4 0
283 1 1 3 3 0 0 2 2 1 0
284 0 1 3 1 0 2 2 0 0 0
285 1 0 1 1 1 1 0 2 0 0
286 1 1 0 1 1 1 1 1 1 0
287 2 1 1 0 0 1 1 0 0 1
288 2 1 1 3 1 1 1 0 1 0
289 1 2 1 1 0 2 0 0 0 0
290 0 2 2 2 3 0 0 2 1 1
291 0 1 1 2 1 2 1 1 1 1
292 2 2 0 0 0 1 2 2 0 2
293 0 1 1 3 0 0 0 1 1 2
294 1 2 0 1 0 0 1 0 0 0
295 1 2 1 2 2 1 1 0 0 0
296 0 0 1 2 1 1 0 1 1 0
297 0 1 0 1 1 2 2 0 2 1
298 2 0 1 1 2 2 2 1 2 0
299 0 1 1 2 0 1 1 2 0 2
300 2 0 0 2 1 0 2 1 1 1
301 2 0 1 2 0 0 2 1 1 1
302 2 1 0 2 2 0 0 2 0 0
303 1 1 2 1 0 1 1 0 1 0
304 0 1 0 2 2 1 0 1 0 2
305 2 0 1 0 0 0 0 2 1 1
306 0 1 1 1 1 2 1 0 1 2
307 2 2 1 4 1 1 1 1 3 1
308 1 1 2 1 0 0 2 1 0 0
309 2 1 0 1 1 1 0 0 1 2
310 0 0 2 0 2 0 2 0 1 1
311 1 0 0 1 0 3 1 0 1 0
312 2 0 1 1 1 4 0 0 1 1
313 0 1 1 0 1 1 0 0 0 1
314 0 0 0 2 0 2 1 1 3 2
315 2 0 0 2 0 1 1 1 1 1
316 1 1 1 0 1 2 1 1 0 1
317 0 1 0 0 0 3 0 0 0 0
318 3 2 0 0 2 1 1 1 1 0
319 0 2 3 0 0 3 0 0 1 0
320 1 2 0 2 1 1 1 0 0 0
321 1 0 2 3 0 0 1 0 1 0
322 1 1 0 1 1 2 1 0 0 0
323 0 2 1 1 4 1 2 0 0 0
324 1 1 1 0 2 2 1 1 1 1
325 1 1 2 1 3 2 1 0 2 1
326 1 1 2 2 0 2 3 1 2 0
327 1 1 0 2 2 2 1 1 1 1
328 1 1 1 1 2 0 0 0 2 1
329 2 0 4 1 0 0 0 0 1 1
330 1 2 1 1 0 1 3 0 2 1
331 1 1 3 0 1 3 0 1 1 1
332 1 2 0 3 1 0 1 0 1 2
333 1 2 1 0 0 1 2 2 2 0
334 1 0 1 1 3 0 0 3 0 0
335 2 1 0 0 1 1 0 2 0 1
336 1 2 0 1 3 0 0 4 0 0
337 0 2 1 1 0 0 1 1 2 0
338 2 2 2 0 0 0 0 0 1 1
339 2 3 2 1 2 2 0 0 0 1
340 0 0 1 0 0 0 1 1 1 2
341 2 2 2 1 0 1 1 0 2 1
342 2 0 0 2 1 1 4 1 1 3
343 4 1 3 2 2 0 0 1 1 1
344 0 1 1 0 1 1 0 0 0 0
345 2 1 0 0 0 2 0 0 0 1
346 0 0 0 0 0 0 0 0 1 1
347 3 1 0 0 2 0 0 0 1 0
348 0 0 0 2 1 0 0 0 2 0
349 1 0 1 1 0 0 1 1 1 3
350 1 1 0 0 0 1 3 0 2 1
351 0 0 1 0 0 2 2 2 0 2
352 1 0 0 0 0 1 1 0 2 0
353 0 1 1 0 0 1 0 1 2 1
354 2 3 0 0 0 0 0 2 1 1
355 1 2 0 2 0 0 0 1 0 2
356 1 4 1 0 2 1 0 2 1 1
357 2 0 0 1 0 1 1 0 2 1
358 2 2 1 0 2 2 1 2 1 1
359 0 2 2 0 2 1 1 0 0 3
360 0 1 1 1 0 0 1 1 0 0
361 1 2 0 0 0 0 0 1 0 1
362 2 2 2 1 0 0 2 1 1 1
363 2 3 1 0 2 0 1 0 1 0
364 0 0 0 2 1 2 2 2 0 0
365 0 0 0 1 2 1 1 1 1 1
366 0 0 0 2 0 1 3 0 0 1
367 2 1 2 0 1 0 4 2 1 1
368 2 0 2 2 0 2 0 2 2 2
369 1 2 2 2 0 1 0 1 0 0
370 1 0 0 0 1 2 0 0 1 0
371 1 0 1 0 1 2 2 0 1 2
372 2 2 1 2 1 1 0 1 2 1
373 0 1 2 0 2 1 2 1 0 2
374 1 1 0 0 0 1 0 1 4 0
375 2 0 2 4 1 1 0 0 0 2
376 0 1 1 0 0 1 1 0 0 2
377 0 0 2 1 1 0 0 1 0 0
378 0 1 2 0 1 1 2 1 2 1
379 2 0 2 0 2 1 2 0 4 1
380 0 2 0 0 1 0 0 2 1 1
381 1 0 0 2 1 1 2 1 0 0
382 0 0 3 0 2 0 2 2 2 1
383 0 0 0 1 1 1 0 2 3 1
384 2 1 0 1 2 0 1 0 1 1
385 1 0 1 3 0 2 0 0 0 0
386 3 1 1 1 1 1 1 0 0 1
387 0 0 1 2 0 1 0 2 2 0
388 1 4 0 3 4 0 2 1 1 1
389 1 1 1 1 0 0 1 0 2 2
390 1 2 2 0 2 2 2 1 0 1
391 3 1 1 0 2 1 0 2 2 1
392 1 0 2 1 0 0 1 1 2 1
393 0 1 2 3 2 0 1 0 0 1
394 0 1 2 0 2 2 2 2 1 1
395 1 2 1 2 1 0 1 0 0 1
396 0 0 1 0 1 3 2 0 1 3
397 1 1 0 0 3 0 2 0 0 1
398 2 1 1 2 0 0 1 2 0 0
399 1 3 2 0 1 1 0 2 0 2
400 0 1 3 2 1 0 2 3 2 0
401 2 2 2 1 0 0 0 1 0 0
402 1 3 2 2 0 2 1 0 1 0
403 2 0 2 3 1 1 0 2 0 1
404 1 1 0 1 1 0 1 0 2 1
405 2 1 0 0 0 0 2 0 0 2
406 2 2 2 1 2 1 1 0 1 0
407 1 0 1 0 3 0 3 1 2 1
408 1 0 2 0 0 0 1 2 0 1
409 0 1 2 2 2 1 2 1 0 2
410 3 2 2 2 1 0 2 0 2 1
411 0 2 2 2 1 2 0 0 0 3
412 0 0 2 2 3 2 2 0 1 0
413 3 0 1 0 2 1 1 1 0 1
414 0 1 0 2 0 1 0 0 2 0
415 1 1 0 1 2 1 0 0 1 1
416 1 2 0 0 1 0 0 0 0 0
417 1 1 2 1 1 2 2 1 1 0
418 1 1 0 0 2 0 2 1 1 1
419 3 1 0 4 0 2 2 0 0 0
420 0 1 0 1 4 0 1 0 0 2
421 0 0 2 2 1 0 2 2 1 0
422 2 2 0 1 3 0 0 0 1 1
423 0 1 0 2 1 0 1 2 1 1
424 1 2 2 2 3 0 1 1 0 1
425 2 0 0 2 0 2 1 1 1 0
426 1 1 0 3 0 1 2 1 1 2
427 0 0 2 2 1 4 1 1 2 0
428 1 2 2 2 4 0 2 0 1 0
429 0 1 1 1 0 1 2 0 2 0
430 0 0 1 0 0 0 0 0 2 2
431 2 0 0 2 1 2 1 2 0 0
432 2 0 2 1 2 2 0 0 2 3
433 0 1 2 1 1 1 2 2 1 1
434 1 2 0 2 2 0 1 0 2 0
435 0 1 0 2 1 1 1 0 0 0
436 1 2 0 3 0 0 2 1 1 2
437 2 0 4 1 1 0 1 1 0 2
438 1 3 2 4 0 0 1 0 0 0
439 1 2 0 0 1 0 2 0 1 0
440 1 3 2 2 2 2 2 0 1 3
441 2 0 0 1 0 0 0 0 3 2
442 0 1 0 0 0 2 1 0 0 1
443 1 0 2 2 0 1 0 1 2 0
444 4 2 3 0 1 0 0 2 1 1
445 0 0 2 1 3 1 0 3 0 0
446 0 1 1 2 1 0 2 0 1 3
447 2 0 2 0 1 0 1 0 1 1
448 1 0 0 0 1 0 0 2 1 0
449 2 0 0 0 1 0 0 2 2 1
450 2 0 1 0 0 1 0 0 1 0
451 0 2 1 0 0 0 2 1 0 1
452 0 3 1 2 2 1 0 2 2 0
453 0 1 1 4 0 2 2 0 0 2
454 2 0 0 2 0 1 0 1 4 2
455 2 0 2 0 2 0 1 1 1 0
456 2 2 0 0 1 2 3 2 0 0
457 2 3 1 0 0 0 1 1 0 0
458 1 2 0 1 1 1 0 1 2 1
459 1 1 1 0 1 0 1 1 0 0
460 1 1 3 0 1 3 0 1 0 0
461 2 0 1 0 3 0 1 1 0 1
462 1 1 1 0 0 1 2 2 1 1
463 1 0 0 1 0 0 2 4 0 0
464 2 0 1 0 2 1 1 1 0 0
465 3 0 0 0 2 0 1 1 1 0
466 0 0 2 0 2 1 1 0 2 1
467 0 0 2 1 0 1 0 1 0 0
468 1 1 1 2 1 1 2 0 1 1
469 2 2 2 0 2 1 1 0 1 4
470 1 1 1 0 1 0 0 2 0 2
471 2 1 1 0 0 1 2 2 1 0
472 0 2 2 1 0 1 0 0 1 0
473 1 1 1 1 0 0 1 1 2 1
474 2 1 1 1 2 2 0 2 1 1
475 2 1 0 0 1 1 0 0 1 2
476 0 0 0 1 1 0 1 0 0 1
477 0 1 1 1 2 1 2 1 0 0
478 3 0 1 1 1 2 1 1 0 1
479 0 1 1 1 1 1 1 1 2 0
480 2 1 1 1 0 0 0 2 0 0
481 1 1 0 2 0 1 2 2 1 1
482 0 1 3 0 2 0 0 0 0 0
483 1 0 3 0 2 0 0 1 1 2
484 4 2 1 0 0 2 2 0 2 1
485 1 0 0 2 1 0 1 0 1 0
486 0 1 1 0 1 0 1 2 1 2
487 0 2 0 0 0 0 0 0 4 0
488 0 4 0 2 1 2 0 0 0 0
489 1 3 1 1 2 1 1 0 0 0
490 1 2 0 1 2 0 0 0 0 2
491 3 2 2 1 2 0 1 1 1 3
492 2 2 2 1 2 1 1 1 0 1
493 2 0 1 1 0 0 2 0 1 1
494 1 2 2 0 1 1 1 2 0 0
495 0 1 1 0 1 2 2 1 0 0
496 0 1 0 0 1 0 2 2 1 0
497 1 3 2 0 0 0 2 2 2 2
498 0 2 2 1 0 1 0 1 1 2
499 1 0 0 0 1 1 0 0 1 1
500 1 2 0 4 0 0 0 1 0 1
501 0 1 1 1 1 1 2 1 1 1
502 2 1 1 2 2 2 0 2 0 1
503 0 2 0 0 0 2 2 0 0 2
504 0 4 1 4 2 1 1 1 0 1
505 2 2 0 0 0 2 2 1 0 0
506 0 0 1 0 0 0 1 1 0 2
507 1 3 2 2 0 2 2 1 0 2
508 1 2 4 0 0 2 0 1 0 0
509 2 0 1 1 0 1 1 0 0 0
510 2 0 0 0 0 2 0 0 1 2
511 0 0 2 0 1 2 0 0 1 1
512 0 1 1 2 2 1 1 1 0 0
513 0 2 1 3 0 0 1 2 0 2
514 0 1 1 0 2 2 1 1 3 0
515 1 0 0 1 0 0 2 2 1 0
516 0 0 0 2 2 2 0 0 0 0
517 0 2 0 0 1 1 0 1 0 1
518 3 1 2 2 0 0 2 0 1 1
519 0 0 2 1 2 1 1 0 3 0
520 2 1 0 0 0 1 0 1 1 0
521 0 2 0 2 1 2 3 2 1 1
522 1 2 0 3 0 1 1 0 0 1
523 2 1 1 0 1 0 2 1 1 0
524 2 0 1 2 2 4 0 2 2 1
525 2 2 1 1 2 0 2 1 2 0
526 1 1 1 2 0 1 0 2 1 0
527 0 1 3 0 2 1 0 0 1 1
528 0 0 0 0 0 1 0 2 1 1
529 0 1 1 0 1 0 1 0 2 2
530 0 2 4 0 2 2 0 4 0 0
531 2 2 1 2 1 0 0 1 0 0
532 1 1 1 0 2 2 2 0 1 2
533 1 0 1 2 2 0 1 2 3 1
534 0 1 0 2 3 1 1 1 0 2
535 1 3 1 0 0 0 3 0 1 0
536 0 2 2 1 2 2 2 0 0 0
537 1 2 0 0 0 2 0 1 2 1
538 1 1 3 3 2 1 0 0 1 2
539 1 1 0 1 0 2 3 3 0 1
540 0 1 1 3 2 1 1 1 1 0
541 1 1 2 1 0 0 0 1 2 0
542 2 0 2 0 1 2 0 0 2 2
543 0 0 1 0 1 3 0 4 1 2
544 1 2 0 1 0 0 2 2 1 0
545 1 1 1 1 0 1 0 4 1 1
546 1 0 2 2 0 1 1 3 0 1
547 2 3 2 0 0 1 1 0 1 1
548 0 1 0 2 0 0 1 1 0 1
549 0 2 1 0 0 0 1 1 2 2
550 0 1 1 1 1 1 1 2 0 0
551 2 2 0 1 2 0 0 0 2 0
552 0 1 1 0 1 0 1 1 0 2
553 0 2 2 2 1 2 0 0 2 0
554 0 1 0 1 1 1 0 2 2 1
555 0 0 1 0 2 0 1 1 0 0
556 1 1 1 1 0 0 1 1 1 0
557 2 3 1 2 2 0 0 1 2 2
558 1 3 0 0 3 0 2 0 0 1
559 3 0 0 0 0 1 3 1 3 0
560 0 2 1 3 1 1 1 0 2 0
561 2 2 1 0 0 3 1 2 1 0
562 1 1 0 0 1 1 2 0 1 0
563 1 1 2 0 0 1 0 0 2 2
564 0 2 2 0 1 0 1 1 1 1
565 1 1 1 2 1 0 1 0 1 3
566 2 2 2 2 0 2 0 4 0 1
567 1 0 0 1 1 1 2 0 2 1
568 2 1 0 2 0 1 1 1 0 0
569 1 0 2 1 1 1 2 1 1 0
570 2 1 1 3 0 3 2 1 2 1
571 2 0 1 3 0 1 0 0 2 0
572 0 1 1 0 1 1 2 1 1 2
573 2 1 2 2 1 1 3 1 3 1
574 0 0 1 1 2 0 1 1 2 0
575 1 2 3 0 2 0 2 1 1 0
576 0 2 0 1 1 1 0 0 0 3
577 0 1 1 0 0 0 1 1 0 1
578 2 1 0 0 0 0 0 2 1 0
579 0 0 3 3 2 0 1 1 2 1
580 0 2 0 0 2 1 1 0 0 2
581 1 1 0 2 1 0 0 2 0 0
582 3 0 0 1 0 0 1 2 0 1
583 1 2 0 0 0 0 0 3 0 2
584 0 2 2 1 1 0 2 0 0 2
585 1 2 0 3 0 1 0 1 0 1
586 0 0 1 0 2 3 1 3 1 1
587 1 0 1 0 0 1 1 3 2 0
588 0 1 1 0 2 0 1 0 1 2
589 0 1 1 0 0 2 0 3 1 0
590 2 1 0 0 0 2 2 0 0 1
591 2 0 2 0 2 0 0 2 0 1
592 2 0 0 1 2 0 2 3 0 1
593 0 1 2 3 0 0 2 3 0 1
594 1 0 0 2 1 0 1 1 1 1
595 0 1 2 2 1 1 0 0 4 2
596 0 1 2 0 1 1 0 0 2 3
597 0 2 1 1 1 0 0 0 1 2
598 0 1 1 0 0 0 2 1 0 1
599 0 1 2 0 1 2 1 0 0 0
600 2 2 2 1 1 0 1 1 1 0
601 1 2 0 0 2 2 2 2 0 0
602 0 0 0 1 0 2 1 2 0 1
603 1 0 0 1 1 1 2 0 3 2
604 0 2 2 1 0 1 0 2 2 0
605 2 2 1 1 3 4 4 2 2 0
606 0 0 1 0 0 0 0 0 4 1
607 1 0 1 1 2 1 1 0 1 1
608 2 1 1 0 0 2 0 0 0 2
609 1 2 0 1 0 0 0 0 2 0
610 0 3 0 0 2 2 1 0 1 0
611 0 1 0 0 0 1 0 0 1 1
612 1 1 0 2 1 1 1 0 1 0
613 0 1 0 0 0 4 3 1 0 1
614 1 2 0 0 0 0 1 2 2 0
615 2 1 1 2 0 1 0 0 1 1
616 1 2 2 1 0 2 1 2 0 0
617 3 2 1 0 1 2 1 1 0 0
618 0 0 2 0 1 1 0 1 0 1
619 0 0 2 1 0 1 2 0 0 0
620 1 2 0 0 2 1 1 1 1 1
621 0 2 1 1 2 1 0 1 2 0
622 2 1 4 0 2 0 0 0 1 0
623 2 1 1 0 1 2 0 1 4 0
624 0 1 1 0 2 2 0 0 2 1
625 0 1 1 0 1 2 1 2 1 1
626 2 2 1 2 0 1 2 0 1 0
627 2 2 2 0 0 3 0 1 1 1
628 0 3 0 0 0 1 0 1 0 1
629 0 4 0 0 0 0 0 2 1 1
630 0 1 2 0 1 1 0 1 0 3
631 2 1 2 2 1 0 1 0 1 0
632 2 0 0 2 3 0 2 2 1 1
633 2 2 0 1 0 2 1 1 2 1
634 0 1 2 0 2 0 1 2 0 1
635 2 1 1 2 1 0 0 2 2 2
636 0 1 3 2 0 0 0 1 2 1
637 1 1 1 2 0 2 2 0 2 1
638 0 2 2 0 2 1 0 0 0 0
639 0 1 0 0 0 1 0 0 1 1
640 0 0 3 1 0 0 2 1 2 0
641 0 0 1 0 0 0 1 3 3 1
642 0 1 0 1 0 2 2 0 0 2
643 2 0 0 1 2 1 0 1 0 0
644 1 1 2 1 1 1 1 1 0 0
645 1 0 0 2 0 2 2 1 1 2
646 0 2 1 1 0 2 1 2 0 0
647 0 1 1 1 1 0 0 2 0 1
648 0 3 3 2 1 1 1 2 1 0
649 1 2 2 1 0 1 2 0 2 0
650 1 0 2 0 1 1 1 1 2 0
651 2 0 0 3 0 1 1 0 0 0
652 2 2 0 2 0 1 0 1 2 4
653 2 0 1 0 2 1 2 2 1 1
654 2 1 0 0 0 2 2 0 0 1
655 2 0 0 0 0 0 0 1 2 2
656 0 1 0 0 0 2 2 0 1 2
657 0 1 1 0 1 3 0 1 1 2
658 1 1 0 0 0 0 1 1 0 2
659 1 2 1 0 1 1 1 2 0 2
660 1 3 0 2 2 1 1 0 0 2
661 2 1 0 0 2 1 1 2 2 1
662 1 2 2 0 2 1 2 1 1 0
663 0 1 1 0 0 1 3 2 0 0
664 1 2 1 1 1 0 0 1 1 0
665 2 2 1 0 2 1 0 1 1 1
666 1 1 0 0 2 0 0 0 2 1
667 2 1 0 0 0 0 1 2 1 0
668 1 0 1 2 2 1 0 0 0 0
669 1 1 2 1 0 1 1 0 0 0
670 2 1 2 3 1 0 2 2 1 0
671 0 3 1 1 1 0 0 0 2 2
672 0 0 0 1 0 1 0 2 2 0
673 0 2 2 0 1 1 3 1 2 1
674 1 0 2 0 2 0 0 0 0 2
675 1 0 0 1 1 1 0 0 0 1
676 2 0 0 1 1 2 0 0 0 0
677 1 1 1 2 0 2 2 1 2 2
678 0 0 0 1 2 0 1 3 3 1
679 2 2 1 2 0 1 3 1 2 0
680 2 1 0 0 0 1 2 2 1 1
681 0 1 0 0 2 0 0 2 1 1
682 0 2 0 3 0 0 1 0 0 1
683 1 0 3 2 2 0 0 1 1 0
684 2 0 1 0 1 1 1 1 1 2
685 1 1 0 1 0 1 0 1 0 4
686 0 2 1 0 2 2 1 0 2 1
687 1 1 1 0 1 2 0 0 2 1
688 1 1 0 0 1 1 1 1 0 0
689 1 1 2 0 0 2 4 2 0 2
690 1 1 0 1 2 0 1 1 0 2
691 0 0 0 2 1 1 0 0 0 2
692 0 4 2 1 2 2 3 1 2 0
693 2 1 2 1 1 2 0 1 2 0
694 0 1 1 2 0 0 0 0 1 3
695 1 2 0 0 0 0 2 0 0 4
696 1 2 0 0 0 1 1 1 1 1
697 1 2 2 2 0 2 1 2 0 0
698 0 1 1 1 1 0 2 1 1 0
699 2 3 4 2 1 2 1 1 0 2
700 0 1 0 2 1 0 1 1 2 2
701 2 2 4 2 1 0 1 1 1 1
702 1 0 0 0 1 1 0 0 1 0
703 0 0 0 2 0 2 0 0 0 1
704 0 3 1 2 1 0 1 0 1 1
705 1 1 0 1 2 2 2 2 0 1
706 1 0 1 1 1 0 2 1 1 4
707 2 1 1 2 1 2 1 0 1 0
708 3 1 2 1 0 0 1 3 0 2
709 0 0 2 2 0 1 3 1 0 1
710 0 3 0 0 2 2 1 1 0 1
711 3 1 0 1 2 1 0 0 0 0
712 2 0 0 0 0 1 2 0 1 2
713 1 2 0 1 2 1 0 1 0 1
714 1 1 2 4 1 1 1 1 0 2
715 2 2 1 0 1 0 1 2 1 1
716 0 0 1 1 2 0 2 0 2 0
717 2 0 0 0 2 2 1 1 0 1
718 1 2 0 0 0 0 1 1 2 3
719 1 0 0 1 2 0 2 2 0 0
720 2 1 0 0 2 2 0 0 1 2
721 2 1 2 1 0 1 1 0 1 2
722 2 2 2 1 0 1 0 2 0 2
723 2 1 0 2 0 0 0 1 2 2
724 0 3 2 2 1 2 2 2 4 0
725 4 1 1 1 0 0 1 1 1 0
726 2 0 1 0 2 4 1 0 0 1
727 2 2 2 2 1 0 0 2 4 1
728 1 0 1 2 0 2 1 0 1 1
729 0 2 2 0 0 0 0 1 0 0
730 2 0 1 1 0 4 1 3 1 0
731 0 1 2 2 1 0 0 1 0 2
732 0 1 0 2 0 0 2 2 0 1
733 1 1 1 0 2 0 4 2 0 0
734 2 1 2 0 0 1 2 0 0 2
735 0 1 1 0 4 2 1 2 0 1
736 1 0 0 2 3 2 2 0 0 1
737 1 2 2 0 2 1 0 0 0 0
738 2 2 1 2 0 1 0 1 2 0
739 0 2 2 1 0 2 2 1 0 1
740 0 1 1 0 1 2 0 1 2 0
741 0 0 2 0 2 2 1 1 0 0
742 2 0 0 0 0 0 0 1 1 1
743 2 3 1 2 2 1 2 0 4 0
744 0 0 2 2 1 0 0 2 1 2
745 0 2 0 0 2 0 1 0 1 2
746 2 1 1 0 1 2 0 2 0 0
747 2 1 1 1 0 1 1 0 4 1
748 0 0 0 0 2 3 2 1 0 4
749 2 2 0 0 1 0 1 1 3 2
750 0 1 0 1 0 2 1 0 2 0
751 2 1 0 2 1 0 1 0 0 1
752 0 2 0 0 1 1 0 0 1 0
753 1 0 1 1 1 2 1 0 0 0
754 1 0 2 2 1 1 0 1 0 0
755 0 1 2 0 2 0 0 0 2 1
756 1 1 0 1 1 0 0 0 1 0
757 0 2 3 1 1 2 0 1 0 2
758 1 2 0 0 0 0 2 3 2 3
759 0 1 0 1 0 2 1 1 1 2
760 1 0 1 0 3 0 0 1 0 1
761 0 0 2 1 2 1 0 0 1 0
762 2 0 2 0 1 2 3 1 1 0
763 2 3 0 0 1 0 2 1 0 0
764 0 1 1 1 0 0 0 1 0 1
765 0 0 0 0 1 0 1 0 0 1
766 1 1 2 1 0 4 1 1 1 1
767 1 1 0 2 2 2 3 2 0 1
768 2 2 1 0 0 1 0 2 2 0
769 1 0 0 0 0 1 1 1 2 0
770 2 2 1 1 1 1 1 2 1 1
771 1 2 2 2 3 0 3 0 0 1
772 0 3 2 0 0 1 1 2 1 0
773 2 2 0 2 1 1 0 1 0 2
774 0 2 1 0 1 3 2 2 1 2
775 1 2 2 2 1 4 4 2 0 1
776 1 0 0 2 1 1 0 1 0 1
777 0 2 2 1 3 1 1 1 1 0
778 1 0 0 0 2 3 0 0 1 0
779 0 0 1 0 1 0 0 2 0 0
780 1 2 2 0 1 0 0 0 3 1
781 0 2 1 1 0 2 1 3 2 0
782 1 2 2 1 1 0 1 2 0 1
783 2 1 0 3 1 0 0 0 0 3
784 0 2 1 1 0 1 2 2 0 1
785 0 0 0 0 3 0 1 2 1 0
786 1 1 1 2 2 0 1 0 0 1
787 2 0 1 1 4 2 2 0 2 1
788 3 0 0 0 2 2 0 2 1 0
789 1 4 1 0 1 0 0 0 0 0
790 1 0 2 1 0 1 0 1 0 0
791 2 1 0 1 0 0 0 1 1 1
792 1 1 2 0 0 1 1 1 0 0
793 3 1 0 0 2 0 0 1 1 2
794 1 0 2 1 0 0 0 0 2 2
795 3 2 3 2 1 2 4 1 1 0
796 1 2 2 0 1 0 0 0 2 0
797 1 1 2 0 1 2 2 1 2 0
798 1 1 1 2 4 1 1 1 1 1
799 1 1 0 1 0 0 0 1 1 0
800 1 0 0 1 2 2 0 1 2 0
801 0 1 1 1 1 1 0 0 0 0
802 0 0 1 0 1 2 1 1 1 1
803 0 1 2 1 1 2 2 0 2 1
804 1 2 0 4 0 0 1 1 2 0
805 0 1 1 0 2 0 2 1 2 0
806 0 0 0 0 1 1 2 2 1 1
807 0 1 0 0 1 1 2 0 0 0
808 2 1 2 1 0 1 0 0 1 1
809 0 0 1 0 1 0 1 0 2 0
810 2 2 3 1 2 2 0 1 2 1
811 0 0 1 0 0 0 0 0 1 0
812 0 2 0 3 0 0 0 1 1 0
813 2 0 1 1 3 2 2 0 4 2
814 0 1 0 3 0 1 0 1 1 1
815 0 0 2 0 1 0 0 2 0 1
816 0 1 0 3 0 1 2 1 1 1
817 0 0 1 0 1 2 2 0 3 1
818 3 0 2 0 0 1 0 0 1 0
819 2 3 1 2 2 1 0 2 0 1
820 1 0 2 2 0 1 0 1 1 1
821 0 1 1 0 1 1 3 0 1 2
822 4 0 1 1 1 2 4 2 0 2
823 0 1 1 0 0 2 1 0 0 0
824 1 2 1 0 3 1 1 2 2 1
825 1 0 1 1 1 0 0 1 4 2
826 1 1 0 3 1 0 0 0 0 0
827 1 0 0 2 2 1 0 2 1 2
828 0 0 1 0 1 1 2 0 2 2
829 1 1 0 2 1 0 2 1 0 0
830 1 2 1 0 1 1 1 0 0 2
831 2 0 0 1 2 1 0 0 0 1
832 0 1 2 3 1 1 0 1 1 2
833 0 1 2 0 1 0 0 0 2 0
834 2 2 1 3 1 1 1 2 0 4
835 0 1 1 0 1 0 2 1 1 0
836 2 1 2 1 0 1 2 2 1 0
837 2 2 0 1 2 2 2 0 0 1
838 2 0 0 1 0 0 1 0 0 0
839 0 1 1 0 0 1 0 0 1 1
840 1 1 1 1 4 2 0 1 2 0
841 1 1 1 0 4 0 1 2 0 1
842 1 1 0 0 2 0 0 2 4 0
843 0 1 1 1 0 2 0 0 0 2
844 0 1 1 1 1 0 1 3 1 1
845 0 1 3 2 0 0 2 2 0 1
846 2 0 0 1 0 1 2 1 2 0
847 1 1 1 1 1 1 0 0 2 3
848 1 2 1 2 0 1 2 0 2 0
849 3 1 1 0 1 0 0 1 1 0
850 0 2 0 2 0 0 0 1 0 1
851 0 1 0 1 2 1 1 2 2 1
852 1 1 1 1 0 0 2 2 4 1
853 1 0 0 2 1 1 0 2 1 0
854 0 2 2 1 2 1 0 0 1 2
855 1 2 0 0 2 0 0 0 1 0
856 0 1 0 1 1 0 0 1 1 0
857 1 2 1 0 2 1 2 0 1 0
858 0 1 0 1 0 0 0 1 1 1
859 0 0 2 2 0 2 3 1 1 2
860 0 2 0 1 0 2 1 1 0 1
861 2 0 0 1 1 0 1 2 2 0
862 2 1 2 2 3 2 2 0 1 1
863 0 2 1 0 0 1 0 1 0 0
864 1 2 0 2 0 0 1 0 0 0
865 2 0 2 0 0 0 1 1 0 2
866 0 0 0 2 0 0 0 4 0 2
867 1 1 0 2 0 1 0 1 2 1
868 0 2 1 0 1 0 1 1 2 1
869 0 1 2 0 0 1 2 1 1 0
870 0 2 1 2 1 0 2 2 2 2
871 1 3 1 0 1 2 1 0 0 2
872 2 1 1 0 1 1 0 3 0 1
873 0 1 1 1 0 2 0 1 2 3
874 2 1 0 0 1 2 2 0 4 0
875 1 2 0 1 2 1 0 2 2 1
876 1 1 1 0 0 0 1 1 1 0
877 2 1 2 3 0 1 4 0 0 1
878 0 1 2 0 0 2 2 0 2 1
879 1 0 1 2 2 1 0 2 2 1
880 0 2 0 0 0 1 1 0 0 0
881 2 1 0 1 2 4 0 4 2 1
882 2 1 2 2 1 0 3 0 2 1
883 2 1 1 2 0 1 0 2 1 0
884 0 3 0 0 0 1 0 2 0 0
885 1 0 2 1 0 1 0 0 0 0
886 0 2 1 0 1 1 0 0 0 0
887 0 0 0 0 1 1 1 0 4 0
888 1 1 1 0 1 1 2 1 2 0
889 3 0 0 2 2 1 2 0 0 2
890 1 1 2 0 2 0 1 1 0 0
891 1 0 0 1 0 0 0 0 1 0
892 1 0 1 0 1 0 1 0 0 1
893 0 1 1 2 2 0 2 1 1 2
894 4 0 1 1 1 3 0 2 0 0
895 0 4 2 1 0 1 1 1 0 1
896 1 0 2 1 0 0 0 0 1 2
897 0 0 1 2 1 1 1 2 0 1
898 2 2 0 2 1 0 0 0 2 0
899 1 2 0 1 0 0 0 1 1 2
900 1 1 2 1 4 1 2 1 2 1
901 2 0 2 0 2 2 1 2 2 1
902 2 2 0 0 2 2 2 0 1 0
903 1 1 3 2 0 0 0 0 2 0
904 2 2 4 1 0 0 0 1 2 2
905 1 1 1 0 0 0 1 1 0 1
906 0 0 1 4 0 1 1 0 2 2
907 0 2 0 2 2 1 0 0 0 0
908 0 1 1 0 0 0 0 2 0 0
909 0 2 2 2 1 1 2 1 1 2
910 0 2 1 2 0 1 2 2 1 0
911 0 1 0 0 0 0 1 1 1 2
912 0 0 0 0 0 2 0 0 1 0
913 1 3 2 0 1 0 2 0 0 2
914 3 0 1 1 2 0 3 1 0 0
915 1 3 2 0 1 3 0 1 2 0
916 0 0 1 1 1 2 0 3 0 1
917 0 1 1 1 0 0 1 0 2 1
918 0 3 1 2 0 2 0 1 0 4
919 0 0 0 0 2 1 2 2 0 1
920 2 2 0 1 0 1 0 0 1 0
921 4 1 1 1 0 0 0 1 2 2
922 0 3 1 0 2 0 0 0 2 0
923 1 0 0 1 2 1 0 2 2 0
924 1 2 0 0 1 2 3 0 1 1
925 3 1 1 1 2 3 0 2 0 1
926 2 0 0 0 1 3 1 0 1 2
927 2 2 2 2 1 2 0 0 0 2
928 1 2 0 0 0 2 2 0 0 1
929 2 1 0 1 1 0 2 3 1 0
930 2 0 0 1 4 3 0 1 2 1
931 0 0 3 0 0 0 0 1 1 1
932 2 1 1 2 1 0 1 1 0 0
933 1 1 0 0 0 1 0 2 1 1
934 4 0 0 1 3 4 0 1 1 0
935 2 1 1 0 2 0 1 1 1 0
936 1 1 0 1 1 1 0 0 0 2
937 1 0 0 2 0 0 2 0 1 0
938 2 1 1 2 0 0 1 0 0 3
939 0 0 0 0 0 2 0 2 1 2
940 2 0 1 1 1 0 0 1 1 2
941 1 3 0 1 0 0 2 1 0 0
942 2 2 1 4 0 2 2 0 1 1
943 1 2 1 2 0 1 0 1 0 0
944 3 2 1 1 0 2 0 1 0 0
945 1 2 1 1 2 1 1 0 0 0
946 2 1 0 2 1 1 3 1 1 0
947 0 2 1 1 2 2 2 2 1 2
948 1 2 0 0 0 0 1 1 0 1
949 2 0 1 0 2 0 2 1 0 0
950 1 1 1 2 3 0 0 0 2 1
951 2 2 1 0 0 1 1 2 0 2
952 0 1 0 2 0 1 0 2 0 3
953 2 0 0 2 0 0 1 3 2 1
954 1 3 0 1 3 1 0 0 0 0
955 1 0 0 0 0 0 2 1 3 2
956 1 1 2 1 0 0 0 0 0 0
957 1 0 2 1 2 0 1 3 1 0
958 0 1 0 4 0 0 1 1 2 1
959 1 2 2 3 0 1 2 0 0 0
960 0 0 2 2 1 0 0 0 2 0
961 1 1 0 0 2 0 0 2 1 1
962 2 1 2 2 0 1 1 3 1 2
963 3 1 0 3 1 1 0 0 0 0
964 1 1 0 2 2 0 0 4 1 3
965 1 4 1 0 2 0 0 2 0 1
966 2 2 0 1 2 0 0 1 1 1
967 1 3 1 0 1 1 1 1 1 3
968 0 2 2 1 1 2 2 1 1 1
969 1 0 2 2 2 2 1 2 0 2
970 1 3 3 1 4 0 0 0 0 1
971 0 1 1 0 0 1 0 1 1 0
972 1 2 1 0 1 1 1 2 0 1
973 2 1 2 1 0 1 0 0 0 2
974 2 2 1 0 1 0 1 1 0 2
975 1 1 0 0 0 0 0 0 0 1
976 3 1 3 1 0 0 0 2 0 4
977 3 1 1 1 2 2 0 1 2 0
978 0 2 0 1 0 1 3 0 0 0
979 1 1 1 1 0 0 2 0 2 2
980 4 0 2 2 0 1 1 2 0 3
981 2 1 2 1 0 2 0 0 1 0
982 0 1 0 1 1 2 0 0 0 1
983 0 0 2 0 2 0 1 2 0 0
984 0 1 0 0 0 0 0 0 0 0
985 0 0 0 0 1 2 1 1 2 1
986 1 0 0 1 0 0 0 2 0 1
987 0 1 2 0 0 1 1 4 2 4
988 2 0 1 3 2 0 0 2 0 2
989 1 1 2 2 2 0 0 3 0 1
990 2 3 2 0 1 2 1 1 1 0
991 2 2 1 0 0 2 2 0 0 0
992 0 2 2 2 4 1 1 0 0 1
993 0 1 0 0 1 0 2 3 3 1
994 1 1 2 1 0 2 1 2 1 1
995 2 2 0 1 2 0 2 0 1 1
996 2 0 1 1 1 0 2 0 1 0
997 2 0 1 3 2 1 2 0 0 1
998 2 3 2 2 1 2 2 1 1 0
999 2 2 2 1 1 3 0 2 1 4
1000 2 2 0 1 0 1 2 1 0 1
1001 1 2 2 0 1 0 0 0 0 1
1002 1 1 2 2 0 0 0 2 1 2
1003 2 0 1 1 4 0 0 1 1 0
1004 1 1 0 1 0 0 0 0 0 1
1005 0 1 2 2 0 1 1 1 4 2
1006 2 2 0 1 1 2 0 1 1 1
1007 0 0 1 0 0 2 1 1 1 3
1008 2 1 1 0 0 0 2 0 0 0
1009 0 1 0 0 2 1 0 2 0 2
1010 0 0 1 0 2 1 1 2 1 0
1011 2 0 2 2 2 1 4 1 0 0
1012 1 1 0 1 0 0 0 1 0 2
1013 0 2 2 0 2 0 1 1 2 1
1014 0 3 2 0 0 1 0 1 0 0
1015 2 0 2 1 0 2 1 1 0 2
1016 2 1 1 2 0 1 1 2 0 1
1017 1 2 2 0 0 1 4 1 1 0
1018 2 2 0 2 1 1 1 0 0 2
1019 2 1 2 0 0 0 0 1 2 1
1020 0 0 1 2 1 0 1 0 2 1
1021 0 1 2 2 1 0 1 0 1 1
1022 0 0 1 0 0 2 0 0 0 1
1023 2 1 0 2 2 0 0 1 0 0
1024 2 1 0 0 0 1 2 1 1 1
1025 0 1 0 2 0 0 3 1 1 0
1026 0 2 1 1 0 1 0 2 0 1
1027 1 0 0 0 2 0 0 1 0 0
1028 2 1 1 2 2 0 2 2 1 2
1029 0 0 2 0 0 0 2 0 2 2
1030 0 0 2 0 0 1 0 1 4 0
1031 0 1 2 1 0 0 0 1 2 0
1032 2 2 0 1 2 1 0 1 1 2
1033 0 0 0 4 2 2 0 0 0 1
1034 1 1 1 0 1 0 0 1 0 2
1035 1 1 1 2 2 2 2 1 1 0
1036 2 0 0 1 1 4 1 1 0 2
1037 0 1 2 0 2 0 2 1 2 1
1038 0 1 0 0 0 1 1 1 0 2
1039 1 1 2 0 0 0 1 1 0 0
1040 0 0 1 0 0 0 2 1 2 1
1041 0 0 2 1 0 1 1 0 0 0
1042 2 1 0 1 1 1 0 0 0 1
1043 0 0 0 1 1 1 2 2 1 0
1044 0 1 0 2 0 2 1 0 0 1
1045 0 2 2 2 0 0 0 0 0 1
1046 1 1 0 2 0 0 0 1 0 1
1047 2 0 0 0 1 0 1 0 0 0
1048 2 1 2 2 1 2 0 2 2 0
1049 2 0 4 0 1 2 1 1 0 1
1050 1 0 0 1 1 0 1 1 0 0
1051 3 2 0 0 0 0 1 1 1 0
1052 1 1 2 1 0 1 1 1 0 0
1053 0 0 2 1 1 0 0 2 1 1
1054 2 2 2 0 0 0 0 0 0 1
1055 0 3 4 0 2 1 2 1 1 1
1056 0 3 0 0 1 0 0 1 1 0
1057 0 0 0 1 1 0 0 0 1 0
1058 3 2 1 0 2 1 0 0 1 0
1059 1 0 2 0 0 0 2 1 0 0
1060 0 0 1 1 0 2 1 1 0 1
1061 1 1 1 0 2 0 2 0 0 4
1062 2 1 1 2 1 0 2 0 0 0
1063 0 1 1 0 0 1 2 1 0 1
1064 2 2 1 0 2 4 2 0 0 2
1065 2 2 0 0 2 4 1 1 0 2
1066 0 1 1 2 2 2 2 0 0 4
1067 1 0 2 0 2 1 0 0 2 2
1068 0 2 0 2 2 0 1 1 0 0
1069 1 3 0 0 0 0 0 1 0 2
1070 1 0 2 0 0 0 1 2 0 0
1071 2 1 2 0 0 0 0 1 2 1
1072 0 1 1 2 1 1 0 1 0 1
1073 3 0 1 2 1 0 2 0 0 0
1074 2 0 0 2 1 0 1 1 1 2
1075 2 0 1 1 2 1 2 1 0 1
1076 1 0 2 1 2 0 2 0 1 3
1077 2 1 0 1 0 1 1 2 1 1
1078 1 2 1 2 0 0 1 0 2 1
1079 1 0 0 2 1 0 0 1 2 1
1080 0 1 2 1 1 2 1 1 1 0
1081 1 2 1 2 1 0 1 0 0 0
1082 2 1 0 0 0 2 1 0 0 2
1083 2 0 1 2 1 2 1 1 1 1
1084 2 0 0 0 1 2 2 1 1 0
1085 1 1 1 1 0 1 0 1 0 0
1086 2 2 0 2 0 2 0 0 1 0
1087 3 1 1 0 0 1 0 3 2 0
1088 0 0 0 2 1 0 0 1 2 0
1089 2 2 0 0 0 0 1 0 2 0
1090 2 2 0 1 2 0 2 1 0 2
1091 0 1 3 0 1 2 0 1 1 1
1092 2 0 0 0 2 0 0 0 0 0
1093 2 0 1 1 1 2 1 1 2 2
1094 1 0 0 1 2 0 1 2 1 1
1095 2 0 0 1 2 0 0 2 2 4
1096 0 0 0 0 1 1 0 0 1 1
1097 2 0 1 2 1 2 0 1 2 0
1098 1 1 1 0 2 0 0 0 3 2
1099 3 3 0 0 2 4 1 1 1 2
1100 1 4 2 1 0 0 2 1 0 0
1101 0 0 2 0 0 1 0 1 2 2
1102 0 2 1 1 1 2 0 1 2 1
1103 3 1 1 2 0 1 0 2 1 0
1104 4 0 3 1 0 1 1 1 0 2
1105 1 2 2 1 2 1 1 0 0 2
1106 2 2 1 0 0 2 1 2 0 3
1107 1 1 2 0 2 1 0 2 0 2
1108 0 1 1 1 0 0 0 0 0 1
1109 0 1 1 2 0 0 0 3 0 2
1110 1 0 4 0 1 0 0 0 1 2
1111 1 1 2 3 1 0 1 1 0 2
1112 0 4 2 0 1 4 2 0 2 2
1113 1 0 2 0 3 1 2 1 0 1
1114 1 0 0 2 0 1 0 0 1 0
1115 1 2 1 0 0 0 3 1 1 0
1116 1 1 1 2 2 0 1 0 0 1
1117 3 1 4 1 2 1 0 0 1 0
1118 0 1 0 2 1 3 0 0 1 0
1119 1 0 0 0 0 4 3 1 1 1
1120 0 1 1 1 2 0 0 0 2 0
1121 0 0 0 0 0 0 2 0 0 1
1122 2 1 0 1 0 2 2 1 0 0
1123 0 1 1 1 2 0 0 2 0 1
1124 0 0 1 1 1 1 0 0 0 0
1125 2 0 0 0 2 1 1 0 0 0
1126 0 1 1 1 2 0 2 0 1 2
1127 3 1 4 2 0 1 2 1 0 0
1128 0 0 1 1 0 1 0 0 1 1
1129 0 0 0 0 0 1 2 1 2 2
1130 1 1 1 1 0 1 1 1 2 0
1131 0 0 1 2 1 1 0 0 3 0
1132 0 2 2 2 0 0 2 0 0 0
1133 0 1 1 0 4 0 2 1 2 0
1134 0 1 1 2 1 0 1 0 1 1
1135 1 2 0 1 2 0 2 0 0 2
1136 1 4 0 1 0 1 0 4 0 4
1137 4 1 2 2 2 0 2 1 2 0
1138 0 2 0 0 2 2 0 1 1 1
1139 2 0 1 0 0 2 1 2 1 0
1140 0 2 0 0 1 1 1 2 2 1
1141 2 1 0 4 0 0 2 0 1 2
1142 2 0 1 0 0 1 1 1 0 1
1143 2 2 1 2 2 0 1 1 1 1
1144 2 2 1 0 1 2 0 0 0 1
1145 2 0 0 0 0 3 3 1 0 2
1146 2 2 1 0 1 4 2 2 2 0
1147 0 1 0 2 0 0 0 2 2 2
1148 0 0 1 2 1 0 0 0 1 0
1149 2 0 1 0 0 1 2 2 0 1
