0 2 1 2 2 1 0 2 2 1 0
1 0 2 2 0 0 1 2 2 0 3
2 0 0 1 0 2 1 1 0 0 1
3 0 0 2 0 1 1 0 1 1 1
4 0 3 2 1 0 0 0 0 1 2
5 2 4 1 0 0 2 0 1 0 2
6 1 2 2 0 1 2 2 2 0 0
7 2 0 4 2 0 0 0 1 2 1
8 3 1 0 0 0 1 1 2 1 2
9 1 0 0 1 2 0 0 0 1 0
10 1 0 0 1 2 0 2 0 1 1
11 0 0 3 0 0 1 0 1 1 4
12 1 2 0 0 0 1 1 0 1 2
13 0 0 0 0 0 0 1 1 2 3
14 1 2 0 2 0 4 0 0 2 1
15 0 1 0 0 1 0 1 1 2 0
16 0 0 1 1 2 0 2 1 0 0
17 3 0 4 0 0 2 0 2 1 1
18 0 0 2 0 4 1 0 0 0 1
19 1 2 0 2 2 0 1 0 2 0
20 2 1 1 1 2 2 0 3 0 0
21 4 0 1 0 2 0 0 0 0 0
22 0 0 0 0 0 1 4 2 1 1
23 0 1 4 0 0 0 0 0 1 1
24 1 1 0 1 2 2 0 3 1 1
25 1 1 0 0 0 0 2 1 1 0
26 0 2 0 2 1 1 2 1 0 0
27 0 2 0 0 2 2 0 0 0 0
28 2 0 0 3 0 2 1 1 2 0
29 1 0 2 1 0 0 0 2 0 1
30 1 0 2 0 1 0 3 2 1 0
31 2 3 0 1 0 0 1 1 0 1
32 2 0 0 1 0 1 0 0 2 3
33 0 0 0 2 0 0 1 0 0 1
34 1 1 1 2 1 0 0 2 0 2
35 4 0 0 0 3 0 1 1 2 2
36 2 1 2 1 0 0 0 0 2 1
37 1 2 0 3 0 1 0 1 0 2
38 2 0 1 1 2 2 0 0 0 1
39 2 1 0 1 0 2 0 2 0 0
40 0 2 0 1 3 3 0 2 1 0
41 1 1 2 1 2 1 1 2 1 2
42 1 0 1 1 2 1 0 2 1 0
43 1 1 0 2 1 0 2 0 0 0
44 0 0 1 2 2 0 1 2 1 0
45 1 2 1 2 1 0 2 2 0 1
46 1 0 2 1 2 1 1 2 2 1
47 1 1 0 2 2 1 0 2 0 2
48 0 0 3 2 2 1 1 2 0 1
49 0 3 1 2 2 2 0 0 2 0
50 2 2 2 2 1 0 1 0 1 2
51 2 2 2 0 1 4 1 1 0 0
52 0 1 0 0 0 1 1 2 0 0
53 0 2 1 2 0 0 2 2 1 1
54 1 0 1 1 1 0 2 0 0 2
55 1 2 2 3 1 2 1 0 0 0
56 0 1 2 0 1 2 2 0 0 1
57 0 1 2 3 2 3 1 2 1 0
58 0 0 1 0 0 2 0 0 1 1
59 2 1 2 2 1 0 0 1 3 0
60 0 1 0 1 2 1 1 0 1 2
61 1 0 0 0 1 2 2 1 0 0
62 0 1 3 0 0 2 1 0 0 0
63 1 0 0 1 3 2 2 0 1 1
64 2 2 1 1 0 1 1 1 2 1
65 1 2 0 0 0 1 1 1 0 2
66 1 0 1 2 1 0 0 0 2 0
67 0 2 0 1 2 0 0 1 2 0
68 0 2 0 0 1 2 1 1 0 2
69 3 2 2 0 2 0 0 1 0 2
70 0 2 1 3 0 1 0 1 1 0
71 2 2 1 2 0 2 2 2 0 1
72 1 0 0 2 1 0 0 2 2 1
73 1 0 0 0 1 0 2 2 2 1
74 0 0 2 0 1 0 1 1 0 2
75 1 1 1 0 0 1 1 0 2 1
76 2 0 0 0 0 0 2 1 1 0
77 2 1 2 1 2 2 1 1 2 1
78 1 2 0 1 1 0 2 0 1 0
79 2 2 0 0 1 1 2 0 1 0
80 0 1 0 0 0 1 0 1 2 0
81 1 4 2 1 1 0 1 0 0 0
82 0 3 0 0 2 2 1 0 0 0
83 0 0 0 2 2 0 2 0 0 0
84 2 3 1 0 1 0 0 3 2 1
85 0 2 1 1 0 2 2 0 1 1
86 0 0 0 0 1 1 0 4 1 1
87 1 2 0 1 2 0 0 1 1 0
88 4 0 2 1 0 0 1 2 0 1
89 2 2 0 1 2 3 1 3 0 2
90 1 0 0 3 0 0 0 0 0 0
91 1 4 1 0 1 2 1 2 1 2
92 1 1 1 0 0 0 0 1 0 0
93 0 0 0 0 0 1 1 3 1 2
94 1 3 1 0 1 1 2 1 0 1
95 0 2 2 0 3 1 0 1 0 1
96 1 1 2 0 3 1 1 1 2 1
97 2 0 2 0 0 0 0 0 0 1
98 2 1 2 0 1 0 1 0 1 0
99 1 2 1 1 0 0 0 0 1 0
100 1 0 0 0 0 0 0 1 0 3
101 1 0 0 3 4 0 1 0 0 1
102 2 1 2 3 0 0 0 2 1 0
103 2 0 0 0 1 2 1 0 1 0
104 0 0 1 0 0 1 0 2 2 0
105 0 2 1 0 0 1 2 0 0 1
106 1 0 1 1 0 0 1 2 1 1
107 0 1 0 2 2 3 1 1 1 0
108 2 0 2 2 1 0 0 2 0 2
109 2 1 0 1 1 4 1 0 1 0
110 2 1 0 1 1 0 2 0 2 0
111 1 2 1 1 1 4 0 2 0 0
112 0 2 0 0 0 2 1 2 0 2
113 0 1 2 1 0 0 0 1 2 1
114 3 0 3 0 1 1 0 0 0 0
115 0 1 0 1 0 0 2 0 4 2
116 3 1 0 1 2 2 0 1 0 1
117 1 1 1 2 1 0 1 3 2 1
118 2 2 2 0 0 0 1 0 1 1
119 0 1 1 2 1 1 1 1 0 0
120 1 0 0 3 2 1 0 0 0 0
121 1 1 0 0 0 0 1 0 0 1
122 3 2 2 2 0 2 2 1 0 0
123 2 2 2 2 0 0 1 2 2 0
124 0 1 0 2 0 1 0 1 1 1
125 1 1 2 2 2 1 0 0 0 1
126 0 1 1 0 0 1 2 0 1 1
127 1 0 1 2 1 0 2 2 1 3
128 0 2 0 0 3 0 1 0 1 0
129 0 0 2 3 2 1 0 1 1 1
130 1 0 1 0 0 0 0 2 0 0
131 2 2 0 1 0 1 0 0 0 2
132 1 0 1 0 1 0 0 0 0 1
133 0 1 2 0 1 1 0 1 1 1
134 1 1 2 0 0 0 1 2 2 0
135 1 1 3 2 0 1 1 1 0 0
136 0 2 3 1 2 1 0 0 1 1
137 1 2 2 0 0 1 1 1 0 1
138 2 0 0 0 1 0 1 2 1 0
139 1 1 1 0 0 0 0 1 1 1
140 0 1 2 1 1 2 2 2 0 1
141 1 0 1 1 1 1 0 2 1 1
142 2 0 0 1 0 1 2 0 1 1
143 2 1 0 1 0 2 2 2 1 1
144 0 1 1 2 2 1 2 1 1 0
145 2 0 1 2 2 1 0 2 0 2
146 2 0 2 0 0 3 0 2 2 0
147 1 0 1 1 1 1 2 1 1 1
148 1 0 1 2 0 1 0 1 0 1
149 0 0 0 0 1 2 2 0 1 2
150 2 1 1 0 2 1 0 0 0 0
151 1 1 0 2 2 0 0 0 0 1
152 0 1 0 2 0 1 0 1 1 1
153 0 0 1 1 1 0 1 1 1 0
154 0 1 2 1 0 1 1 2 2 0
155 2 0 4 0 0 1 0 0 4 0
156 1 2 1 2 1 0 0 2 2 2
157 2 0 1 0 1 3 0 0 0 1
158 2 2 0 0 0 1 2 0 0 0
159 0 1 0 1 0 0 1 0 1 1
160 1 0 1 1 2 2 2 2 0 0
161 1 0 2 0 0 2 0 1 0 0
162 1 1 1 2 2 2 1 2 0 0
163 3 0 0 1 1 1 1 0 0 0
164 0 0 1 0 2 1 2 0 1 0
165 2 1 0 2 0 1 1 2 1 1
166 1 0 1 2 1 1 1 1 1 2
167 0 1 0 1 4 0 0 0 1 0
168 2 2 0 0 0 0 2 0 1 1
169 2 2 1 1 2 1 0 1 1 0
170 1 0 0 1 1 1 0 3 1 0
171 2 1 2 0 0 0 1 2 1 1
172 2 2 1 1 2 1 1 1 1 0
173 1 0 3 2 1 0 0 0 2 0
174 2 2 2 1 1 0 1 1 3 1
175 2 2 1 2 2 0 2 1 0 0
176 3 0 1 2 2 1 2 1 1 1
177 1 2 1 1 0 1 0 2 1 2
178 2 2 0 3 0 0 2 0 0 2
179 2 1 0 0 0 0 0 0 0 1
180 2 1 0 0 0 0 0 2 1 1
181 2 1 0 0 1 1 3 3 0 1
182 1 2 0 1 1 0 0 1 1 0
183 2 2 0 0 1 1 4 1 1 1
184 2 1 0 0 1 1 1 1 2 2
185 0 0 1 3 0 0 0 0 2 0
186 1 2 2 2 1 1 2 0 0 0
187 1 0 0 1 1 0 0 0 0 0
188 2 1 3 0 1 1 0 2 2 0
189 1 1 2 2 0 1 0 2 1 2
190 1 1 1 1 1 1 1 2 0 0
191 2 0 2 2 2 0 1 3 1 2
192 2 1 2 1 2 2 1 2 1 0
193 2 1 2 1 0 0 4 2 1 3
194 2 1 0 0 0 0 2 2 1 1
195 2 2 1 1 2 2 2 0 0 0
196 1 1 0 2 0 2 1 0 0 1
197 2 2 0 1 0 1 0 1 0 0
198 2 1 2 0 1 1 1 0 1 1
199 1 0 1 1 1 2 1 1 2 0
200 2 1 2 2 1 2 0 1 1 0
201 2 2 1 0 1 1 0 0 2 0
202 1 1 0 1 3 0 0 0 2 2
203 1 0 1 1 1 1 1 0 1 0
204 0 0 0 1 0 0 2 2 1 1
205 1 2 1 0 0 1 0 2 0 1
206 0 1 0 0 1 0 1 1 2 0
207 1 0 2 2 1 0 1 1 0 0
208 0 2 2 2 0 2 1 1 0 0
209 0 0 0 1 0 0 0 1 0 0
210 2 0 1 0 4 3 0 0 0 1
211 0 0 1 1 1 2 1 1 0 0
212 1 1 0 2 0 2 1 0 0 1
213 2 0 2 1 1 0 2 1 1 0
214 3 0 2 1 1 1 1 2 1 0
215 1 0 1 1 1 0 2 0 2 2
216 1 1 1 0 1 2 2 1 1 0
217 0 0 1 1 0 0 0 2 0 1
218 0 0 2 1 2 4 2 0 1 1
219 0 1 2 2 2 1 3 1 1 0
220 1 1 2 1 2 2 1 0 0 0
221 3 1 2 2 0 0 1 0 2 0
222 0 1 0 1 1 2 1 0 1 1
223 2 0 0 1 0 0 3 1 0 0
224 1 1 0 3 1 4 1 0 2 1
225 3 2 1 1 3 1 4 1 1 1
226 3 2 2 0 0 0 1 0 1 2
227 3 2 2 1 2 1 2 2 0 0
228 2 3 0 0 1 0 0 0 0 2
229 0 1 1 0 2 1 1 1 2 0
230 2 2 2 1 1 1 1 3 1 1
231 1 1 1 1 1 0 2 2 1 1
232 0 1 0 2 0 0 4 0 2 0
233 1 2 2 0 2 1 0 1 1 0
234 0 2 2 0 1 0 0 0 1 1
235 2 1 1 0 2 0 0 2 2 0
236 1 1 0 2 0 0 4 2 0 1
237 2 2 0 1 2 0 0 2 1 0
238 1 2 1 2 0 3 3 0 2 0
239 0 1 0 0 1 0 2 1 1 1
240 1 1 0 2 2 1 0 0 0 1
241 1 1 2 2 1 2 2 0 1 2
242 2 0 0 2 0 2 1 1 2 0
243 1 2 2 0 3 0 0 2 0 0
244 1 2 3 0 1 2 0 1 1 0
245 2 1 3 0 2 2 0 0 2 0
246 0 0 0 1 1 0 1 2 1 0
247 1 2 1 0 0 0 2 2 0 1
248 0 0 0 1 2 0 0 0 1 2
249 0 0 0 1 1 1 0 1 0 2
250 2 2 1 1 1 0 1 2 0 0
251 1 1 0 1 1 1 1 0 1 1
252 1 0 1 1 0 0 0 2 1 0
253 0 0 4 0 0 0 1 0 0 0
254 0 1 2 1 0 0 0 1 0 0
255 4 2 2 0 2 1 1 2 2 0
256 0 1 0 0 1 0 1 0 1 0
257 1 2 0 0 0 1 1 2 2 2
258 2 3 2 1 2 1 0 1 1 0
259 2 0 2 1 1 2 3 3 2 0
260 2 0 1 0 3 1 2 1 0 0
261 0 2 0 1 0 1 4 2 1 1
262 0 2 0 0 0 1 2 2 1 0
263 2 0 1 2 1 0 2 2 0 0
264 1 2 1 2 2 0 2 0 1 0
265 2 0 1 0 1 3 1 0 1 0
266 1 2 0 0 2 2 1 4 2 1
267 0 0 0 2 1 2 1 2 1 1
268 2 1 2 0 0 0 1 0 1 0
269 0 1 2 2 0 0 1 1 1 1
270 0 1 0 1 0 1 0 0 4 1
271 4 3 2 2 0 0 2 0 1 0
272 0 1 1 2 1 1 0 2 2 1
273 0 0 0 2 4 0 0 3 2 2
274 0 1 0 0 1 1 2 2 3 0
275 0 1 1 0 2 1 0 1 0 1
276 1 2 1 1 0 0 0 0 0 2
277 0 2 0 4 0 0 2 0 1 0
278 2 0 0 0 2 2 0 2 0 1
279 1 0 1 2 2 0 0 1 1 1
280 2 2 2 2 3 0 0 0 2 0
281 2 0 2 1 0 0 0 0 1 2
282 1 0 1 2 1 1 2 1 0 1
283 0 0 1 0 3 1 0 1 1 0
284 2 2 0 0 0 0 2 0 2 1
285 1 1 2 0 2 0 0 1 1 2
286 1 3 0 0 0 0 0 0 0 1
287 2 2 2 2 1 1 0 1 0 4
288 1 0 0 1 0 1 2 0 1 0
289 0 1 0 0 1 1 2 0 0 1
290 1 2 3 1 1 0 1 0 1 2
291 1 2 0 0 0 1 1 1 1 4
292 2 0 1 2 1 1 0 1 0 4
293 1 0 0 1 2 3 2 2 2 0
294 2 0 0 2 0 0 2 0 1 0
295 1 2 4 1 1 1 0 1 1 1
296 2 2 2 1 0 0 1 0 1 0
297 0 0 2 0 1 4 0 2 1 1
298 0 2 0 1 1 2 1 2 0 1
299 2 1 1 1 2 0 2 1 0 2
300 1 1 1 1 2 0 2 1 1 0
301 3 1 1 3 1 1 2 0 0 0
302 0 3 1 0 1 1 1 1 0 2
303 1 0 2 1 1 0 0 1 0 1
304 1 0 1 0 0 0 0 1 1 1
305 0 1 1 2 4 0 0 0 1 1
306 2 0 0 1 2 0 0 0 1 0
307 0 2 3 0 4 0 0 2 0 0
308 0 1 1 4 1 0 0 0 0 0
309 1 2 1 1 0 0 0 1 0 2
310 2 0 1 0 0 1 1 1 0 1
311 2 1 0 2 2 2 0 1 1 0
312 1 3 1 1 0 1 1 0 0 1
313 1 1 1 1 0 0 1 0 0 0
314 0 2 1 0 0 2 0 0 2 2
315 0 1 0 0 0 0 0 0 0 1
316 2 2 0 1 2 1 0 4 0 0
317 0 3 2 2 0 1 1 2 0 2
318 0 1 0 1 0 2 2 1 0 0
319 1 2 0 1 0 3 3 2 1 0
320 3 0 1 1 0 2 0 0 0 2
321 2 1 0 0 0 0 2 2 2 1
322 1 1 1 0 0 1 2 0 1 2
323 1 2 2 0 0 2 1 0 2 1
324 2 0 1 1 2 2 2 1 2 0
325 2 0 1 0 1 0 0 0 1 3
326 0 2 0 1 1 1 0 0 0 0
327 0 2 2 2 0 0 2 1 0 0
328 2 3 1 1 0 0 1 1 0 1
329 0 3 2 1 1 1 0 0 2 1
330 1 1 1 1 0 2 2 1 1 0
331 2 3 0 1 0 1 2 0 1 0
332 2 2 0 1 1 1 0 1 0 0
333 2 2 3 1 1 2 0 2 0 2
334 3 2 1 1 0 1 1 1 1 2
335 1 1 1 1 1 1 1 0 1 0
336 0 1 0 1 1 0 2 0 2 2
337 0 2 2 0 1 2 1 2 0 1
338 1 2 1 1 1 1 1 1 1 0
339 1 1 0 0 2 0 1 1 2 1
340 2 1 0 2 0 1 1 2 0 0
341 0 0 1 1 1 0 0 1 0 0
342 1 0 2 0 1 0 0 1 0 1
343 2 2 2 0 1 1 1 1 1 3
344 0 2 2 0 0 0 4 0 0 2
345 1 1 1 2 2 0 1 0 3 3
346 2 2 0 0 1 1 0 0 1 0
347 0 1 0 1 1 1 3 0 1 2
348 0 1 0 0 2 1 0 0 2 1
349 2 2 0 0 0 1 1 0 1 1
350 0 0 2 0 2 0 1 1 2 1
351 2 0 3 2 0 2 0 1 1 1
352 2 1 0 0 0 2 0 2 1 3
353 1 1 2 2 0 1 0 0 2 0
354 0 2 1 0 1 0 2 0 1 1
355 1 1 1 0 1 1 1 0 1 1
356 1 1 0 2 2 1 1 0 2 1
357 2 0 1 2 0 1 0 0 1 0
358 2 2 1 2 0 0 1 0 0 1
359 0 3 0 1 0 1 2 0 2 3
360 0 1 1 0 0 1 1 0 1 1
361 0 0 0 2 0 0 1 2 0 1
362 1 3 1 3 0 2 1 1 1 1
363 1 4 2 1 0 2 1 1 1 3
364 1 0 0 1 0 2 2 0 1 0
365 1 2 1 1 1 1 1 2 1 2
366 0 0 0 1 1 0 0 1 0 1
367 1 0 0 1 2 4 3 1 1 0
368 0 1 2 2 1 0 4 1 0 0
369 0 2 0 0 0 1 0 1 1 0
370 0 3 0 1 2 0 1 0 0 2
371 1 1 2 1 0 1 1 1 3 2
372 1 0 0 0 2 0 3 3 0 3
373 1 0 3 2 1 0 1 1 0 0
374 1 1 1 0 0 0 2 0 0 0
375 1 1 1 2 2 2 1 0 0 2
376 1 1 0 1 0 1 0 1 0 0
377 2 1 0 2 2 0 1 1 1 1
378 2 1 0 0 1 0 0 1 2 1
379 2 1 2 0 0 2 2 4 0 1
380 0 0 2 1 0 2 0 0 1 2
381 0 0 0 2 0 0 0 2 0 0
382 0 0 0 2 1 1 1 0 2 0
383 1 2 0 2 1 0 4 1 0 2
384 2 0 1 0 1 0 2 0 1 0
385 0 0 2 2 0 2 1 2 1 0
386 0 2 2 0 0 0 1 2 0 0
387 3 1 0 0 1 0 2 1 1 2
388 0 2 0 1 4 1 2 3 1 1
389 0 1 2 2 0 2 1 0 0 0
390 2 0 1 1 1 0 0 0 2 0
391 2 1 1 1 0 1 0 2 1 1
392 1 0 0 2 0 1 2 1 0 0
393 2 1 2 0 1 1 1 1 2 0
394 0 2 1 0 1 1 0 1 1 1
395 2 0 2 0 3 0 2 0 0 2
396 0 0 1 2 1 1 1 0 2 1
397 2 2 1 1 2 1 0 1 1 2
398 0 1 2 1 1 2 2 1 0 1
399 2 2 0 0 0 2 2 1 0 1
400 2 1 0 2 0 1 0 2 2 0
401 0 3 3 2 1 1 0 0 0 0
402 0 1 2 1 0 0 0 1 1 0
403 1 1 0 1 0 0 2 0 2 0
404 2 0 0 1 0 2 2 2 1 0
405 0 3 1 1 1 0 1 0 1 2
406 1 2 2 0 0 0 0 2 1 1
407 1 0 1 2 0 3 1 2 1 1
408 2 0 0 2 0 0 0 1 0 2
409 1 1 1 1 0 1 2 0 1 3
410 0 2 0 0 2 0 2 2 3 0
411 0 0 1 2 2 1 1 2 1 0
412 0 1 1 0 0 1 2 3 2 0
413 2 1 2 0 0 0 0 1 0 0
414 0 1 2 3 2 1 2 0 0 4
415 2 2 0 0 0 1 0 1 0 1
416 2 0 1 0 2 0 0 0 0 2
417 0 0 1 2 2 0 0 1 1 3
418 0 1 1 1 0 1 3 1 0 2
419 1 2 2 2 1 0 2 0 1 0
420 0 0 1 2 1 1 0 3 1 0
421 0 1 2 0 4 1 1 0 2 0
422 0 1 0 0 0 0 0 1 0 1
423 2 1 1 0 0 0 0 2 1 0
424 2 2 0 4 2 1 4 1 2 2
425 2 1 0 1 2 0 0 0 1 0
426 2 1 1 1 2 0 0 1 2 1
427 1 0 1 0 3 1 1 0 2 2
428 2 1 1 2 1 4 0 1 0 0
429 3 2 0 0 0 0 0 0 1 1
430 0 0 0 3 1 1 1 0 1 1
431 2 1 0 2 2 1 0 0 1 0
432 2 2 0 0 1 3 0 2 1 2
433 0 1 0 0 0 0 0 0 4 0
434 1 1 0 2 1 1 2 0 0 1
435 2 0 1 1 0 2 0 1 0 0
436 1 0 0 1 2 0 1 0 2 1
437 0 1 4 1 0 0 0 1 0 0
438 0 0 1 1 0 2 2 1 1 0
439 0 3 3 2 2 2 1 0 1 2
440 0 0 0 0 0 1 1 0 0 0
441 3 1 0 0 2 0 1 0 2 1
442 0 1 1 1 0 0 2 0 2 4
443 2 1 2 0 2 3 2 0 0 1
444 0 2 0 0 2 1 0 1 0 0
445 1 2 0 2 0 4 2 1 0 0
446 0 1 0 2 2 0 1 1 1 1
447 1 0 1 1 0 2 1 1 0 1
448 1 1 1 1 0 2 2 1 0 1
449 0 1 2 0 0 4 1 0 0 0
450 2 1 0 2 0 1 0 0 0 2
451 2 2 0 1 1 1 2 1 0 1
452 0 2 1 1 2 0 0 2 2 0
453 0 2 0 0 0 0 0 1 1 1
454 0 0 0 2 1 1 0 2 3 2
455 2 2 1 0 1 2 0 0 0 3
456 1 1 1 1 1 2 0 0 2 2
457 1 0 0 1 1 1 0 1 3 1
458 1 0 2 2 1 0 1 0 1 1
459 2 1 0 2 0 1 1 0 0 1
460 0 1 1 1 0 0 3 1 0 1
461 2 1 3 3 2 0 2 1 0 1
462 2 1 1 2 0 0 1 0 1 1
463 1 1 1 3 1 2 0 1 0 0
464 2 2 0 1 1 0 2 0 0 1
465 1 1 0 2 2 0 0 1 1 0
466 0 1 1 2 0 0 3 0 0 3
467 0 2 2 2 0 2 2 0 0 0
468 1 2 1 0 1 2 1 2 1 1
469 1 1 0 0 1 0 0 2 1 0
470 1 1 1 2 0 1 1 0 1 1
471 1 1 0 2 3 2 1 2 2 0
472 0 0 2 1 2 0 1 0 0 1
473 0 0 1 1 0 0 2 0 2 0
474 1 2 1 1 1 0 2 2 1 0
475 1 0 3 0 1 2 3 2 2 1
476 1 2 3 0 1 0 1 0 1 0
477 2 0 0 0 2 1 2 0 2 2
478 0 0 1 2 1 1 2 2 1 1
479 2 2 3 3 1 2 0 0 0 0
480 1 0 2 1 1 0 0 0 0 2
481 1 2 1 1 0 0 1 0 1 2
482 0 3 0 0 0 1 4 1 1 2
483 1 2 0 1 2 2 1 1 1 1
484 0 2 1 0 1 2 1 0 3 1
485 0 4 1 1 0 1 0 1 2 1
486 1 2 3 2 2 0 1 1 1 1
487 1 0 1 1 0 1 0 2 0 1
488 0 1 4 2 0 2 1 2 0 0
489 1 0 1 4 0 2 1 0 1 1
490 2 2 4 0 0 1 0 1 2 1
491 0 2 0 1 3 0 0 0 1 2
492 0 2 1 0 0 2 0 1 1 2
493 0 0 1 0 0 1 0 1 1 1
494 0 0 2 2 0 2 0 0 1 0
495 2 1 0 4 0 1 2 0 3 1
496 0 0 1 2 0 1 0 0 0 2
497 0 0 2 1 1 2 0 0 1 1
498 0 2 0 0 0 1 0 2 2 0
499 0 2 2 1 1 0 3 0 0 1
500 0 0 2 1 1 2 0 2 1 0
501 3 0 0 0 0 2 0 0 1 1
502 0 4 1 0 1 1 1 0 0 2
503 0 1 0 1 0 0 0 1 0 1
504 1 2 3 3 2 2 0 0 0 1
505 0 1 1 0 1 2 0 0 0 1
506 2 1 0 1 2 0 1 2 1 2
507 2 1 1 2 1 0 0 0 2 0
508 1 3 2 0 2 0 0 1 0 2
509 0 1 1 1 0 0 1 0 2 3
510 0 2 2 0 2 0 0 0 0 2
511 3 1 2 2 1 2 0 0 0 0
512 0 0 0 3 1 1 2 0 0 0
513 0 2 0 2 0 1 0 3 2 0
514 2 0 0 1 0 0 0 3 0 1
515 3 0 2 2 0 0 1 1 0 1
516 2 2 0 0 2 1 1 0 3 1
517 1 1 2 0 0 1 2 2 0 1
518 1 2 3 2 1 0 4 2 0 2
519 0 2 0 2 1 2 1 2 1 1
520 2 4 1 0 0 0 1 0 0 0
521 1 0 1 0 0 2 1 0 1 0
522 0 0 1 1 1 0 0 0 1 2
523 0 2 1 2 0 0 2 0 1 0
524 2 1 1 4 0 2 0 0 0 0
525 1 0 2 1 0 0 2 1 1 0
526 1 2 0 0 2 1 0 0 0 0
527 1 1 1 1 0 2 2 1 0 2
528 0 0 0 0 2 1 1 2 1 0
529 1 1 0 0 0 2 0 4 0 0
530 1 2 1 0 1 1 1 1 2 1
531 2 2 2 1 1 1 1 2 0 2
532 0 2 1 2 1 1 1 1 1 0
533 1 3 0 0 0 1 0 0 0 1
534 3 0 0 1 0 3 2 0 1 0
535 2 2 1 0 0 2 2 0 2 1
536 0 0 0 0 0 3 1 1 0 2
537 1 2 1 0 0 1 0 2 4 0
538 3 1 2 0 4 2 2 2 1 0
539 2 1 1 0 1 0 0 2 0 0
540 0 2 1 2 0 2 0 2 3 0
541 2 1 0 1 0 1 0 0 0 0
542 2 3 0 0 0 1 2 0 1 0
543 2 2 0 1 2 1 1 0 1 4
544 0 0 1 1 1 0 1 0 0 0
545 1 0 2 1 1 0 1 0 1 0
546 1 2 1 0 0 0 1 1 0 0
547 3 1 1 1 0 1 1 2 4 0
548 2 1 0 3 2 2 0 3 0 0
549 2 2 0 0 1 0 2 1 1 1
550 1 1 1 3 2 2 2 0 2 2
551 2 1 0 2 2 2 2 0 0 0
552 0 1 0 3 2 1 1 2 0 0
553 1 2 1 2 1 1 0 0 2 1
554 1 1 0 1 0 2 2 0 0 0
555 0 2 2 2 1 2 0 1 1 0
556 0 1 0 1 0 0 0 2 0 1
557 0 1 4 1 0 0 1 0 0 0
558 3 1 1 1 1 0 0 1 3 0
559 2 2 0 2 4 1 0 0 0 0
560 0 2 0 0 3 1 0 0 1 0
561 1 0 0 1 1 1 1 2 1 1
562 1 1 2 1 1 2 0 0 0 1
563 0 0 2 1 1 2 0 1 3 1
564 0 2 2 2 1 0 1 0 2 0
565 1 0 0 1 1 0 1 0 0 1
566 1 2 1 0 1 2 0 1 0 0
567 2 1 1 0 2 2 2 1 0 2
568 0 1 1 2 1 0 0 1 0 0
569 1 3 1 1 1 3 0 0 0 1
570 0 1 1 1 2 2 1 1 0 1
571 0 0 2 2 2 1 2 0 2 2
572 0 2 1 1 0 2 1 1 2 2
573 1 1 1 1 2 1 0 1 2 0
574 2 1 0 0 1 1 0 2 0 1
575 1 1 0 1 1 0 0 1 1 2
576 1 1 2 1 0 1 3 0 0 2
577 1 3 0 2 1 2 1 2 1 1
578 2 0 1 0 0 0 2 0 0 0
579 0 0 1 1 2 1 0 0 2 0
580 0 1 2 1 0 1 1 0 2 0
581 0 1 1 2 1 0 0 1 2 1
582 1 1 1 0 0 2 0 1 2 0
583 0 0 2 1 2 1 0 2 0 2
584 3 0 0 2 1 1 1 0 0 1
585 0 4 1 2 0 2 2 0 3 1
586 1 0 1 2 2 1 1 1 0 0
587 0 3 2 0 2 1 1 1 1 1
588 2 0 0 0 2 2 1 0 2 1
589 0 1 0 1 1 1 1 1 0 0
590 1 0 0 1 0 0 0 1 0 2
591 2 0 2 2 1 2 1 1 0 0
592 1 2 2 0 0 1 0 0 1 2
593 0 1 2 3 0 2 0 1 2 2
594 2 0 1 0 1 1 0 0 0 3
595 0 0 1 2 1 2 0 1 1 2
596 1 1 1 2 2 1 0 3 0 0
597 0 1 1 1 1 0 2 2 0 1
598 1 0 0 0 1 1 1 0 1 1
599 2 2 3 2 2 1 2 0 0 1
600 0 0 0 0 0 0 2 2 1 1
601 1 2 2 2 0 0 0 1 0 1
602 0 0 1 2 0 1 0 2 0 0
603 2 0 0 1 0 4 2 0 2 1
604 1 0 2 1 2 0 1 1 0 1
605 0 1 2 0 3 2 0 1 1 2
606 0 0 0 1 0 1 2 1 0 0
607 0 0 0 0 2 0 2 1 0 1
608 1 0 0 0 1 1 0 2 0 1
609 0 0 0 1 1 2 0 1 0 1
610 2 2 1 1 2 0 0 2 0 0
611 3 1 0 0 0 2 1 0 0 0
612 2 1 0 1 0 0 0 1 0 0
613 1 1 2 0 0 1 1 2 0 1
614 3 0 2 0 1 1 0 0 0 1
615 2 0 1 1 4 0 2 1 0 1
616 1 0 0 0 0 0 1 0 1 2
617 0 2 2 1 0 0 0 0 0 0
618 0 1 0 2 1 0 1 1 1 0
619 1 2 0 2 2 1 0 2 0 2
620 4 0 0 1 1 0 0 2 1 2
621 2 0 1 3 3 1 1 0 0 0
622 2 0 1 1 0 3 0 1 1 3
623 1 2 0 1 1 2 0 2 1 0
624 2 0 1 2 0 0 0 0 2 2
625 0 1 0 0 0 2 0 3 1 0
626 1 2 0 0 0 1 3 1 0 0
627 2 1 1 1 1 1 1 2 0 0
628 0 2 2 2 0 1 2 2 2 0
629 3 0 2 2 0 1 2 1 1 1
630 0 1 0 0 0 0 1 0 3 0
631 1 1 2 2 0 1 1 3 1 1
632 0 1 0 0 0 0 0 1 1 1
633 2 1 0 0 0 0 0 1 2 1
634 1 0 4 1 0 2 0 0 2 1
635 0 0 0 2 2 0 2 2 0 2
636 2 0 0 4 0 1 2 2 2 0
637 1 1 2 0 3 0 1 0 0 1
638 1 1 0 1 1 2 0 1 0 0
639 2 0 4 0 1 0 1 0 2 2
640 0 0 1 0 0 0 1 0 0 0
641 1 1 0 0 1 1 1 1 0 0
642 1 2 0 0 2 1 2 1 2 0
643 0 1 2 0 0 1 0 0 1 2
644 2 1 2 0 0 0 1 1 2 0
645 2 1 2 2 3 1 1 1 2 2
646 0 2 2 2 0 2 1 0 0 1
647 0 0 1 2 1 1 0 1 2 0
648 1 0 2 1 2 2 0 2 2 0
649 0 2 1 0 2 0 2 1 0 1
650 2 1 3 0 1 0 1 2 2 2
651 1 0 0 0 1 0 1 2 1 1
652 1 1 4 2 0 2 1 0 0 1
653 3 0 1 2 0 1 1 1 0 1
654 2 2 1 2 0 0 1 1 0 0
655 1 2 3 2 0 0 1 0 0 2
656 2 2 2 1 1 1 3 2 1 1
657 1 2 1 1 1 0 2 1 1 1
658 2 1 0 1 1 2 1 1 3 2
659 0 1 0 1 2 0 2 1 0 2
660 1 0 0 2 0 2 0 1 0 1
661 0 1 2 0 1 0 1 0 0 0
662 1 4 1 1 1 0 0 2 1 0
663 1 3 2 0 0 2 1 0 2 2
664 2 1 1 1 2 0 0 1 0 0
665 0 2 0 2 2 0 3 0 1 0
666 0 2 2 1 2 4 2 1 0 1
667 2 1 1 0 1 3 3 2 0 2
668 0 3 1 2 1 1 1 0 1 1
669 0 1 0 0 0 0 2 0 0 0
670 2 1 0 2 1 2 0 1 3 1
671 0 0 0 1 1 2 1 0 1 4
672 0 2 1 1 2 0 0 0 0 1
673 2 0 1 1 2 0 0 2 0 1
674 2 1 1 1 1 1 0 0 1 0
675 2 0 0 0 0 0 0 2 1 0
676 0 2 1 0 1 1 0 1 0 0
677 1 2 2 0 1 1 1 0 0 2
678 0 3 1 0 0 0 0 0 0 0
679 1 0 0 3 1 2 0 0 2 0
680 0 0 2 2 0 1 2 2 1 3
681 1 1 0 0 0 1 3 1 1 0
682 2 2 0 1 2 2 2 1 0 2
683 3 1 1 1 0 2 1 1 1 0
684 2 1 0 1 0 4 0 0 0 0
685 2 0 3 0 2 1 1 1 3 0
686 3 2 1 1 2 3 0 2 2 0
687 2 1 1 0 2 0 0 2 1 0
688 0 3 0 2 2 1 0 3 0 1
689 3 1 2 0 1 0 4 2 2 0
690 1 2 1 2 2 0 0 1 0 0
691 1 1 1 0 0 0 3 0 0 0
692 0 2 0 0 0 1 0 1 1 3
693 2 4 2 1 1 0 1 1 0 0
694 1 0 2 0 0 2 0 1 0 0
695 2 1 2 1 2 0 0 1 0 0
696 2 2 2 0 0 1 1 1 0 2
697 0 1 1 1 2 0 0 0 0 0
698 0 0 2 0 0 2 1 0 1 1
699 3 2 1 2 0 0 1 0 0 1
700 2 0 1 1 2 2 0 1 2 1
701 0 0 2 2 0 3 0 1 0 0
702 1 1 2 1 1 2 0 1 2 1
703 1 2 1 2 0 4 0 0 0 0
704 1 1 0 0 2 1 1 2 0 1
705 2 0 0 0 0 3 0 0 0 2
706 2 1 1 0 1 1 0 2 1 2
707 0 2 0 2 0 0 2 1 0 1
708 0 0 1 0 0 0 1 0 1 1
709 2 2 1 0 1 1 1 1 1 0
710 0 0 1 3 1 2 0 1 3 0
711 0 0 1 0 3 0 0 3 1 0
712 1 1 3 1 0 0 1 2 1 0
713 2 2 1 2 1 1 2 2 2 2
714 2 2 0 1 1 3 1 0 1 1
715 1 1 1 4 1 2 0 2 0 1
716 2 0 1 1 0 0 2 0 0 1
717 2 2 0 2 1 3 0 0 1 0
718 0 2 0 1 2 1 1 0 0 2
719 0 0 2 0 0 0 1 0 0 1
720 1 2 1 3 0 1 1 1 0 2
721 2 1 2 1 1 0 1 0 0 1
722 2 2 2 2 0 0 2 0 0 1
723 0 1 4 1 0 0 2 0 0 0
724 2 1 2 1 2 3 2 0 1 0
725 0 0 1 0 1 0 2 1 2 1
726 2 1 2 2 2 2 3 1 2 2
727 2 1 1 1 0 1 2 1 0 1
728 2 0 2 0 0 1 2 3 2 1
729 0 1 0 0 0 1 0 2 1 2
730 2 2 2 2 0 0 1 1 2 0
731 2 2 3 1 1 0 1 0 0 0
732 2 0 3 0 2 1 1 2 1 1
733 3 0 1 2 4 1 0 0 1 0
734 1 2 0 2 2 0 1 2 2 0
735 2 0 2 4 2 2 1 0 1 0
736 0 2 0 2 0 0 0 0 0 1
737 1 1 0 1 1 1 2 0 2 1
738 0 2 0 0 2 0 2 2 2 1
739 1 2 3 1 0 1 2 1 0 2
740 1 2 1 2 0 1 1 0 1 1
741 0 2 0 1 2 1 2 0 0 1
742 0 0 1 1 1 0 1 0 2 0
743 0 1 0 0 1 1 2 0 1 2
744 3 2 2 0 3 0 0 0 1 1
745 0 4 4 0 1 2 2 0 1 2
746 0 1 1 2 2 1 2 0 0 0
747 2 1 0 2 2 1 1 1 0 2
748 1 0 0 1 2 0 2 2 2 2
749 3 1 1 0 2 0 1 0 2 0
750 1 4 1 1 0 0 1 0 0 1
751 1 0 1 0 2 1 0 1 3 2
752 1 1 0 1 1 2 1 0 2 1
753 0 2 0 2 1 0 1 0 0 2
754 0 2 1 2 0 2 1 0 1 0
755 0 0 2 2 4 0 1 2 0 2
756 1 2 1 0 0 1 1 1 2 1
757 0 0 1 1 2 0 0 0 1 1
758 0 1 1 1 0 0 2 1 2 0
759 0 1 0 2 0 1 0 1 2 1
760 2 2 1 1 2 0 0 0 0 2
761 2 0 0 1 0 0 2 1 2 0
762 2 1 2 3 0 0 2 1 0 0
763 1 1 1 2 1 1 0 0 2 2
764 0 1 1 3 0 0 0 1 1 2
765 1 0 0 0 0 0 2 2 0 1
766 1 0 1 1 0 2 0 0 0 1
767 0 2 1 2 1 0 0 2 0 0
768 2 3 1 1 0 1 0 0 0 0
769 2 2 1 2 3 4 1 2 0 0
770 0 1 1 1 2 3 0 0 3 0
771 1 1 0 3 0 1 0 0 1 0
772 1 1 2 0 2 2 1 2 2 1
773 0 0 2 2 0 0 1 1 0 0
774 3 1 0 1 0 2 2 0 1 0
775 1 1 2 1 1 1 0 2 0 0
776 0 1 1 0 2 0 0 1 4 1
777 1 0 1 0 1 2 0 0 1 4
778 1 2 4 1 1 2 2 1 0 0
779 0 0 0 0 0 2 1 0 1 0
780 0 2 2 1 0 1 2 0 0 0
781 3 1 3 0 0 0 3 1 0 1
782 0 0 0 2 1 4 1 2 0 2
783 0 2 1 2 0 2 0 1 1 1
784 2 2 0 1 2 0 2 2 1 0
785 0 1 1 1 1 1 3 0 0 1
786 1 0 1 0 0 0 1 2 1 2
787 2 1 0 0 0 3 2 0 0 0
788 1 1 3 2 2 1 0 0 1 1
789 1 2 2 0 2 1 0 1 0 2
790 0 0 1 2 0 1 0 2 0 0
791 0 2 3 0 1 1 0 2 1 2
792 1 1 1 0 0 1 1 2 2 0
793 2 3 0 1 1 0 0 3 1 0
794 1 1 1 3 2 0 1 1 0 2
795 0 0 0 1 1 1 2 1 1 0
796 2 1 1 2 0 0 0 2 2 0
797 1 2 1 3 1 0 1 0 0 2
798 3 0 1 0 2 0 0 2 1 0
799 0 0 0 2 2 1 0 2 1 1
800 0 0 2 1 0 0 3 2 1 2
801 1 1 0 1 1 0 2 1 1 0
802 0 2 0 0 2 1 1 1 2 0
803 2 3 0 1 1 2 1 3 1 2
804 3 0 1 0 0 2 1 0 0 0
805 0 0 0 0 0 3 3 1 1 0
806 0 2 0 1 1 2 0 1 0 1
807 1 1 0 0 2 0 1 0 0 2
808 0 1 0 1 0 1 1 1 1 2
809 0 1 0 0 1 0 1 1 0 2
810 0 0 0 2 2 0 0 1 0 0
811 0 0 1 0 0 1 0 0 0 0
812 1 3 2 0 0 0 0 2 1 0
813 2 3 0 1 0 0 0 1 1 1
814 2 3 0 1 1 1 0 1 1 2
815 1 4 1 2 2 1 1 0 1 0
816 1 0 2 1 0 2 0 1 2 1
817 2 0 0 2 1 2 0 1 2 0
818 0 1 1 1 1 2 1 2 0 0
819 0 1 1 0 0 0 1 2 3 0
820 0 0 0 0 1 0 1 1 0 1
821 2 0 1 2 0 1 2 1 1 2
822 1 0 0 0 1 1 1 0 1 2
823 0 0 2 1 1 2 0 0 1 1
824 2 2 2 0 1 0 1 0 1 0
825 2 4 2 1 1 1 3 0 0 2
826 0 0 0 1 1 1 1 0 0 1
827 0 0 2 2 0 2 0 0 4 0
828 4 2 2 1 0 0 2 3 0 2
829 0 1 2 1 2 1 1 0 2 1
830 3 0 2 2 0 2 2 2 2 0
831 2 1 1 2 0 0 2 1 0 2
832 1 0 2 2 0 2 2 0 2 0
833 2 1 2 1 1 1 1 0 0 0
834 2 0 0 2 1 0 3 0 1 0
835 1 0 1 0 2 1 0 1 1 1
836 0 1 1 0 1 0 2 2 2 1
837 0 1 0 0 0 0 1 0 2 0
838 2 1 0 1 0 2 0 0 0 3
839 1 1 1 2 0 0 1 2 0 0
840 0 0 3 0 1 2 0 1 2 0
841 0 0 0 0 2 1 2 0 0 2
842 2 2 2 3 0 1 0 0 1 0
843 1 0 1 0 1 2 1 2 0 1
844 1 2 0 1 3 0 1 1 0 1
845 1 2 1 0 1 1 0 1 0 0
846 2 2 0 0 2 1 0 1 0 0
847 0 0 2 0 0 0 2 0 0 1
848 0 2 2 0 0 1 0 1 3 1
849 1 0 1 1 1 1 2 0 0 0
850 0 0 0 0 0 1 0 1 0 2
851 2 2 2 0 2 1 0 0 0 1
852 1 0 0 2 1 0 2 0 0 0
853 1 0 2 1 2 1 1 1 0 0
854 1 2 1 0 2 1 0 1 1 0
855 2 1 0 0 0 1 0 0 1 1
856 2 0 0 2 2 4 1 3 2 1
857 0 1 1 1 1 1 0 2 0 1
858 0 1 0 0 0 0 2 0 1 0
859 0 2 0 0 2 1 1 2 0 0
860 1 1 0 1 0 0 2 3 0 2
861 2 0 2 1 0 0 2 2 2 1
862 1 0 1 0 0 0 3 1 0 1
863 0 1 2 2 0 1 0 2 1 2
864 2 0 0 2 2 0 0 1 0 0
865 0 3 2 0 2 1 0 1 1 0
866 0 2 1 1 0 0 1 2 1 0
867 2 3 4 2 2 2 4 1 1 2
868 3 1 1 4 0 1 0 0 0 0
869 1 1 0 4 0 0 0 3 1 1
870 0 2 0 1 2 0 1 2 0 1
871 2 2 0 2 2 1 2 1 1 1
872 1 1 0 0 0 2 2 1 2 4
873 1 1 0 0 0 2 1 2 0 0
874 0 3 2 0 2 1 0 0 0 0
875 0 1 2 1 2 1 0 1 0 0
876 3 2 1 2 0 0 0 1 1 0
877 0 2 1 2 2 1 1 0 0 1
878 2 0 1 0 2 2 0 2 0 0
879 0 0 0 1 0 2 3 0 0 2
880 1 2 2 0 1 2 0 0 3 2
881 3 1 1 1 0 1 2 3 0 0
882 2 0 1 2 1 1 2 0 0 3
883 0 2 0 1 2 1 2 0 2 0
884 2 0 1 1 0 1 2 1 0 2
885 2 2 2 2 0 1 0 2 1 1
886 1 0 0 1 1 0 0 0 0 0
887 0 1 1 1 2 0 0 1 1 0
888 2 2 0 0 1 2 0 2 0 1
889 1 1 1 1 3 1 0 2 0 1
890 1 1 0 0 2 1 2 0 2 2
891 1 1 0 1 2 1 0 2 1 1
892 2 2 2 2 2 2 0 0 1 1
893 2 0 1 0 0 0 0 0 0 1
894 0 1 1 1 0 0 1 2 0 0
895 3 1 0 0 0 1 2 1 1 2
896 2 1 0 2 0 0 0 1 1 1
897 1 2 3 2 0 0 2 1 0 1
898 0 3 2 2 3 1 1 1 0 0
899 2 0 2 1 1 1 3 1 0 1
900 1 0 1 2 1 0 2 2 1 4
901 1 4 2 2 0 0 1 2 0 1
902 2 0 0 0 2 2 4 1 1 0
903 3 1 1 2 0 0 0 2 0 1
904 2 0 1 0 1 1 4 2 1 2
905 4 0 2 0 2 3 2 0 0 1
906 0 1 0 1 1 2 0 1 1 0
907 1 1 0 2 2 1 0 0 1 0
908 1 0 0 2 1 0 0 1 2 1
909 1 3 0 0 0 0 1 3 2 0
910 0 0 2 0 3 1 3 0 0 0
911 1 2 0 1 2 2 1 2 1 1
912 0 1 2 0 0 0 1 2 1 2
913 2 0 1 0 1 2 0 0 0 1
914 1 0 2 1 0 1 0 1 1 0
915 2 1 0 2 2 0 1 0 1 1
916 1 1 4 0 0 1 0 0 0 0
917 3 1 0 2 2 2 0 2 3 0
918 1 0 1 0 1 1 1 0 0 2
919 2 1 1 0 2 0 1 1 1 0
920 0 0 0 1 2 0 2 0 1 2
921 3 3 2 0 0 1 0 2 1 1
922 2 1 2 0 0 0 0 0 1 2
923 1 2 2 2 1 0 1 2 1 0
924 2 0 1 2 3 1 1 2 2 2
925 2 0 0 2 2 2 0 1 0 0
926 1 0 1 1 1 0 1 1 2 0
927 3 2 1 0 0 1 2 2 1 0
928 2 1 0 0 2 2 1 0 0 0
929 2 1 2 0 0 2 2 0 0 0
930 0 1 1 0 0 0 1 0 0 1
931 0 0 0 2 1 2 2 2 0 0
932 0 0 1 1 1 1 1 2 0 2
933 2 4 2 1 1 0 0 1 2 3
934 1 1 1 1 2 2 0 2 0 1
935 0 0 0 2 1 2 1 0 1 1
936 1 1 1 1 2 1 2 0 2 0
937 2 3 1 2 1 0 2 2 2 2
938 1 1 0 1 1 1 1 0 0 2
939 1 0 2 2 2 2 0 0 0 0
940 0 1 2 2 0 0 0 0 0 0
941 0 2 0 0 4 0 2 0 2 2
942 1 1 2 0 1 0 0 0 3 0
943 1 2 1 2 0 1 1 0 0 2
944 2 2 2 1 1 1 2 0 1 2
945 0 2 2 2 3 0 0 1 1 2
946 1 2 0 1 0 0 1 2 1 1
947 0 2 2 1 2 0 2 1 0 0
948 1 0 0 1 2 0 2 0 0 2
949 3 1 4 1 1 1 1 1 1 0
950 0 0 0 0 1 1 1 1 2 0
951 2 2 0 3 0 2 2 1 2 1
952 3 2 1 1 2 2 1 1 4 1
953 1 1 3 0 0 2 2 3 1 1
954 0 2 2 0 1 0 0 1 1 1
955 1 0 1 2 1 0 2 1 0 0
956 1 0 0 1 3 1 2 0 2 0
957 0 0 2 2 0 2 2 1 0 2
958 1 1 1 2 1 1 0 2 1 0
959 0 2 1 2 1 1 2 0 0 1
960 2 1 0 2 2 1 3 2 0 2
961 2 1 1 1 0 1 1 0 0 1
962 0 3 1 0 0 2 0 1 0 1
963 1 0 0 1 1 3 1 0 1 0
964 2 3 0 0 0 2 1 1 0 0
965 0 0 1 2 1 0 0 0 0 1
966 2 1 0 0 1 1 1 2 0 0
967 1 1 2 1 1 1 0 2 0 1
968 0 2 2 0 0 1 1 0 1 0
969 1 1 2 2 1 0 1 2 1 1
970 0 1 2 1 0 0 0 0 1 1
971 0 1 1 0 2 1 0 2 1 1
972 2 1 0 0 0 1 2 1 3 2
973 2 2 0 0 2 1 0 2 1 0
974 0 4 2 2 1 0 1 1 0 0
975 0 1 2 2 0 0 1 0 1 0
976 4 2 1 0 2 0 1 1 1 0
977 2 3 1 0 2 0 1 0 0 2
978 2 3 1 0 0 1 3 0 1 1
979 2 0 0 0 1 0 0 0 1 2
980 1 1 0 0 2 1 2 1 1 3
981 2 2 0 0 1 2 0 0 0 0
982 1 0 2 1 0 1 0 0 2 1
983 0 0 2 2 2 0 2 2 0 2
984 2 1 2 2 0 1 0 0 1 1
985 2 0 2 0 1 1 0 0 1 1
986 0 1 2 2 1 1 2 0 2 1
987 0 0 0 1 0 3 1 0 1 1
988 2 0 2 0 2 0 1 1 1 1
989 2 1 0 1 1 1 1 0 2 0
990 1 0 1 0 0 0 1 1 1 1
991 1 1 0 2 2 0 1 4 0 0
992 0 1 3 2 0 0 1 2 2 0
993 1 0 2 0 1 0 1 0 0 1
994 1 1 2 0 3 1 0 2 0 2
995 0 2 0 1 1 0 1 0 0 0
996 2 1 2 1 1 1 1 1 2 1
997 0 0 2 2 0 0 0 0 2 2
998 2 1 2 0 1 1 0 0 0 0
999 1 0 1 1 2 0 0 1 0 0
1000 0 2 0 1 0 2 2 0 0 1
1001 2 1 1 0 3 0 0 0 4 1
1002 1 4 0 2 2 0 0 1 0 0
1003 0 1 1 0 0 2 0 1 1 0
1004 0 0 1 2 0 1 2 2 2 1
1005 2 3 1 0 2 0 0 1 4 3
1006 2 0 1 0 0 1 1 1 0 1
1007 0 0 1 2 0 0 0 0 0 0
1008 2 0 2 0 2 0 0 1 1 0
1009 1 1 0 2 1 3 0 4 0 3
1010 0 0 0 1 2 3 0 0 1 1
1011 1 1 0 1 2 0 2 0 0 0
1012 2 1 2 2 1 0 1 0 1 1
1013 2 2 0 0 1 2 1 0 1 0
1014 0 0 1 0 1 2 0 0 1 2
1015 2 1 0 0 2 0 0 1 1 0
1016 2 2 1 2 2 0 0 0 1 1
1017 1 1 2 0 0 1 0 3 1 1
1018 0 0 0 0 1 0 0 0 2 1
1019 2 1 0 1 0 2 2 1 2 0
1020 1 2 0 3 1 1 1 2 2 4
1021 1 1 1 2 0 2 0 1 1 3
1022 2 1 0 2 1 3 0 0 0 2
1023 0 4 0 2 1 0 1 1 1 0
1024 2 3 0 0 0 0 1 0 2 1
1025 0 1 0 1 0 0 0 0 1 1
1026 0 0 0 0 0 0 0 1 1 3
1027 2 2 2 1 1 2 1 0 1 0
1028 1 0 0 0 2 1 2 0 2 0
1029 2 2 1 1 1 0 1 0 0 0
1030 2 2 3 0 0 1 4 2 1 0
1031 2 2 0 1 1 2 0 2 1 0
1032 1 0 2 1 2 0 1 0 0 2
1033 2 0 1 0 1 0 2 1 0 0
1034 2 0 0 1 2 1 1 0 1 2
1035 1 2 0 4 4 0 1 0 3 1
1036 2 0 0 0 1 0 1 2 1 0
1037 1 0 2 1 1 1 0 2 0 1
1038 2 1 2 0 0 0 0 1 1 0
1039 0 0 1 0 0 1 2 0 1 1
1040 1 0 0 3 0 1 0 0 0 0
1041 0 1 0 1 0 0 2 0 1 1
1042 0 2 0 0 1 1 1 2 0 0
1043 1 1 1 0 1 1 2 1 1 1
1044 2 0 0 1 1 2 0 2 0 3
1045 0 2 1 0 1 2 2 1 2 1
1046 1 1 2 4 1 1 0 2 1 0
1047 1 3 2 2 0 0 1 0 1 0
1048 2 1 0 1 3 1 1 1 0 2
1049 1 1 0 1 1 1 1 0 1 2
1050 0 0 1 1 0 1 3 1 2 0
1051 0 0 2 0 1 1 2 0 0 1
1052 2 2 2 1 0 0 2 0 1 1
1053 0 0 0 2 2 0 0 0 0 0
1054 1 1 0 1 0 0 1 1 2 0
1055 2 1 4 1 0 2 2 1 0 1
1056 1 1 1 1 0 1 0 2 1 2
1057 2 2 0 1 0 4 0 0 1 0
1058 2 2 0 2 1 3 1 3 1 0
1059 0 0 3 2 2 0 0 1 2 0
1060 0 2 1 2 1 0 1 2 0 1
1061 0 1 0 1 1 1 0 3 0 1
1062 0 1 1 1 2 0 1 4 1 0
1063 2 1 0 0 2 0 0 0 2 2
1064 1 0 2 0 1 2 0 0 1 3
1065 1 2 2 1 2 1 0 1 0 1
1066 0 0 1 0 1 0 2 0 0 2
1067 4 0 2 2 1 0 1 0 0 2
1068 1 2 1 1 2 0 2 1 2 0
1069 2 1 1 1 0 3 1 1 0 0
1070 2 2 2 1 1 0 1 0 2 2
1071 1 1 0 1 1 1 2 1 1 1
1072 2 0 0 0 0 0 0 0 1 1
1073 2 0 0 0 0 1 0 2 0 0
1074 2 0 0 2 1 1 0 1 0 0
1075 0 2 2 1 1 1 1 2 0 2
1076 0 0 1 2 1 3 1 1 0 1
1077 1 1 0 0 0 0 0 1 1 1
1078 0 0 2 0 1 2 0 0 1 0
1079 1 2 0 1 1 3 1 0 1 1
1080 4 1 1 2 0 2 0 1 1 1
1081 2 2 1 0 0 0 0 2 2 4
1082 2 0 0 1 1 1 0 0 4 2
1083 2 1 0 3 1 1 2 0 1 0
1084 2 0 0 3 0 0 1 1 0 0
1085 1 0 2 1 1 0 2 0 2 0
1086 1 0 1 0 3 0 1 4 0 1
1087 2 0 0 1 0 1 0 1 0 0
1088 1 1 1 1 2 1 0 0 1 0
1089 1 0 0 0 0 1 1 4 0 3
1090 1 0 3 1 0 3 2 0 0 0
1091 1 4 1 2 0 1 2 1 0 0
1092 0 2 1 0 0 0 0 2 3 0
1093 1 0 1 0 1 0 0 0 1 0
1094 2 0 2 3 2 1 0 0 0 1
1095 0 4 2 0 3 0 0 0 1 0
1096 0 0 0 2 1 1 1 2 0 0
1097 2 0 2 0 2 1 1 1 1 1
1098 2 2 1 1 1 0 2 2 0 0
1099 1 1 2 0 2 1 2 1 1 2
1100 2 0 2 2 3 2 2 2 0 1
1101 2 2 0 0 0 2 0 2 0 0
1102 2 0 1 1 1 1 2 0 1 0
1103 0 1 0 0 2 0 2 1 1 1
1104 2 1 1 1 0 2 2 1 2 2
1105 2 0 0 2 0 1 2 0 2 3
1106 1 0 2 2 3 1 0 1 0 0
1107 0 1 1 0 2 0 0 2 0 0
1108 1 0 2 0 0 2 0 0 0 2
1109 0 2 1 1 3 2 1 0 1 0
1110 1 2 1 2 1 1 1 1 0 0
1111 2 0 0 0 2 1 1 1 0 1
1112 2 1 0 3 1 0 1 1 0 0
1113 0 1 3 0 2 0 2 0 1 0
1114 1 0 0 1 1 1 2 0 2 1
1115 1 0 1 0 1 1 1 1 1 1
1116 0 0 1 0 0 0 0 0 1 1
1117 2 2 0 0 0 2 0 1 0 0
1118 3 0 1 0 1 1 0 0 0 0
1119 2 2 0 0 1 0 2 1 0 1
1120 1 1 0 1 2 0 0 1 0 2
1121 0 1 0 1 1 2 2 1 1 2
1122 0 1 1 0 0 0 0 0 0 3
1123 0 0 2 2 0 2 0 2 0 1
1124 2 0 2 1 2 1 1 1 0 0
1125 0 0 1 1 2 0 3 0 2 3
1126 2 2 1 2 1 0 2 1 0 2
1127 3 2 1 2 1 1 0 1 1 0
1128 2 1 1 1 1 0 0 0 2 2
1129 1 2 1 1 0 0 1 2 0 0
1130 1 1 2 1 1 1 1 0 0 1
1131 1 0 0 1 2 0 1 4 0 2
1132 2 2 2 0 2 0 2 1 2 0
1133 1 3 2 0 1 0 1 0 0 0
1134 0 2 2 0 0 0 2 2 0 0
1135 0 2 3 0 1 2 0 2 0 0
1136 0 1 0 0 1 0 2 0 0 2
1137 0 0 0 1 2 1 0 2 0 1
1138 0 0 2 1 2 1 4 1 1 1
1139 0 0 0 1 1 3 0 2 0 1
1140 2 1 3 0 1 2 0 1 0 1
1141 2 0 0 0 1 1 0 1 1 0
1142 0 2 1 0 1 3 2 2 0 2
1143 0 1 2 2 0 1 2 0 0 0
1144 2 1 0 0 0 1 0 1 1 0
1145 2 1 1 1 0 1 2 1 1 1
1146 1 0 0 0 0 0 1 0 4 1
1147 2 1 1 0 4 2 1 0 2 2
1148 1 1 0 1 0 1 2 0 0 2
1149 1 0 0 1 1 2 0 0 0 2
